# Steps Temp KinEng PotEng Epair Ebond Eangle Bonds
1000000 305.64187724925852763 5155.6906870554767011 2589.8883592539141318 -2049.8203450785117639 1776.7146936822578027 2862.9940106501676382 5733
2000000 314.14949257406158267 5299.2005800514762086 2357.6257569271474495 -2298.451040649659717 1795.4140844098162688 2860.6627131669906703 5795
3000000 307.93113647515639286 5194.3068367056503121 2364.0386045654267946 -2429.1671812731115097 1824.9296665782439959 2968.2761192602938536 5822
4000000 310.0815382472395072 5230.580682716336014 2182.331769064290711 -2550.1413568351199501 1818.553813655878912 2913.9193122435308396 5847
5000000 314.7323031701496916 5309.0316646842875343 2076.4542476091933167 -2603.8008746170353334 1791.3187860058069418 2888.9363362204207988 5861
6000000 313.79361575454419153 5293.1975060596605545 1952.5349511391759734 -2666.3009774206357179 1768.7828238232987133 2850.053104736512978 5864
7000000 309.37805949480525669 5218.7141188635405342 1966.8081226688752849 -2751.3818271176533017 1806.7289951089712758 2911.460954677556856 5874
8000000 317.66823477180753343 5358.5561452715946871 1906.7943323560971294 -2769.2272218055741178 1813.0546335741910298 2862.9669205874802174 5870
9000000 310.84149577742169868 5243.3999534137301453 1935.0867149222915486 -2802.5042151472721343 1834.5669167014771119 2903.0240133680863437 5867
10000000 309.52532467554595996 5221.198247438150247 1821.9992705265717632 -2861.7199980351560953 1755.5253100238674051 2928.1939585378604534 5880
11000000 312.39463769312402519 5269.5989788304332251 1735.5782355939709305 -2915.9927312225026981 1821.708979060941374 2829.8619877555315725 5891
12000000 313.06591291330545346 5280.9223204886120584 1724.0588086591801584 -3001.4267652683597589 1820.8216567080107779 2904.6639172195291394 5897
13000000 312.41229141563621852 5269.8967689551600415 1676.6296032292980271 -3027.3512559280275127 1823.4648592665384967 2880.5159998907870431 5897
14000000 306.27959821214017211 5166.4480219431543446 1755.646816483315888 -2938.703738520328443 1854.2199360164463542 2840.1306189871979768 5897
15000000 312.62462488298632479 5273.4784956806324772 1755.9853395706074934 -3003.8314937593067953 1811.0934140063986888 2948.7234193235158273 5903
16000000 309.18627802336328614 5215.479071509552341 1604.3490421442929801 -3061.4861994197062813 1810.1826471408905945 2855.652594423109349 5908
17000000 316.89397652571608432 5345.4956443197106637 1600.7385579712085928 -3175.4320541587303524 1875.8359314701012863 2900.3346806598374314 5907
18000000 310.01720817010505016 5229.4955369811877972 1643.5067585239742129 -3023.9764759070576474 1790.0621571972178572 2877.4210772338142306 5895
19000000 306.50304875731274024 5170.2172760294470208 1804.1761524384492077 -2987.1244086779843201 1866.1098994979245163 2925.1906616185087842 5900
20000000 316.38509159916736735 5336.9115677520539975 1694.4313570647695997 -3083.111839279621563 1894.6475853634117357 2882.8956109809796544 5895
21000000 309.35281240171099171 5218.2882406955586703 1655.7080440919721696 -3086.8279659377112694 1849.7768031124755908 2892.7592069172073934 5914
22000000 310.685345095697528 5240.7659406181401209 1592.0319619536289792 -3107.3993833382833145 1851.9898899144127427 2847.4414553774995511 5903
23000000 314.79661772318149815 5310.1165485525989425 1634.2029823803709405 -3115.3724634440181944 1808.6976381472773028 2940.8778076771113774 5910
24000000 306.48865250652227132 5169.9744342539770514 1547.3210369852931763 -3223.6712000632410309 1866.2443430965442985 2904.7478939519896812 5908
25000000 314.21990994499441285 5300.3884087181259019 1600.5272577123464544 -3166.8039039122568283 1831.8948433156169813 2935.4363183089863014 5905
26000000 309.84800469611860763 5226.6413444114377853 1463.7050878834295418 -3247.2333719267967354 1803.5457332902162761 2907.392726520010001 5904
27000000 317.96415668175723113 5363.5478756226657424 1590.1584715560557015 -3197.88115170810579 1860.638344317125302 2927.4012789470366442 5900
28000000 313.40528922955206781 5286.6470573238484576 1514.4309560720375885 -3232.3792415738571435 1842.5488037995983177 2904.2613938462964143 5903
29000000 304.8472942615905481 5142.2873401500010004 1474.7591984017035429 -3228.281157643041297 1815.0395940716134646 2888.0007619731313753 5911
30000000 310.09905892443578068 5230.8762285789143789 1548.2503242899319957 -3132.274181630903513 1776.900330684995879 2903.6241752358400845 5907
31000000 305.73948447123848382 5157.3371651162724447 1508.461732231162614 -3222.2062450219950733 1866.8484995386695573 2863.81947771448813 5917
32000000 310.38577373296675432 5235.7126498229135905 1495.3537979205591455 -3168.0919915885406226 1841.8366505992089515 2821.609138909891044 5924
33000000 313.61341304906352434 5290.1577740085740515 1497.7886761237150495 -3243.8604340320662232 1836.606897026056231 2905.0422131297254964 5923
34000000 315.08923433769376743 5315.0525238446507501 1388.5442972847715737 -3309.1917855523051912 1860.8016121857610869 2836.9344706513161327 5922
35000000 313.54266037431762015 5288.964289301718054 1465.0273087444943485 -3283.553008804329238 1852.3167824774484416 2896.2635350713753724 5922
36000000 310.02024475395552372 5229.5467593045796093 1414.2991348277587349 -3258.9316885142034153 1792.6176815813655594 2880.6131417605965908 5920
37000000 308.57238279897950406 5205.1236388061925027 1420.7773711422273664 -3282.0624573595891889 1833.703086852876595 2869.1367416489401876 5918
38000000 311.76923214918315352 5259.0493854057749559 1426.9315100988069389 -3291.1952654497827098 1834.2473943429786232 2883.8793812056110255 5926
39000000 311.28990929155168033 5250.9639737618463187 1344.1609829434228232 -3283.0697543045744169 1790.3433679932929863 2836.8873692547040264 5912
40000000 304.53559302807292397 5137.0294377929885741 1327.4601630093748099 -3334.8768938043249364 1832.8332293115679477 2829.5038275021324807 5923
41000000 310.46506651659228737 5237.0501925371781908 1460.351045943527879 -3330.2339848735191481 1896.8231024668709779 2893.7619283501762766 5911
42000000 308.23112278557476884 5199.3671270061413452 1373.7472651220714397 -3376.3164733030471325 1859.7848334236432493 2890.2789050014748682 5919
43000000 311.21487939889908603 5249.6983392150323198 1416.6618969953644864 -3285.7746105664200513 1831.9624953326613195 2870.474012229123673 5917
44000000 314.24985504303430162 5300.8935347318665663 1373.5369652220949774 -3350.7694181833840048 1842.4420987899004558 2881.8642846155780717 5914
45000000 305.0598847188405216 5145.8734018849472704 1341.5604830833617598 -3288.4927874247455293 1767.432074181070675 2862.6211963270366141 5917
46000000 312.78964264731416733 5276.2620820085294326 1388.5302849698841783 -3318.5342225216836596 1840.359457356230223 2866.7050501353378422 5910
47000000 308.02221371576035835 5195.84316440200746 1328.7863013042938292 -3338.753655449179405 1824.6157047342894657 2842.9242520191837684 5916
48000000 312.78094468515246263 5276.1153612681746381 1345.208563402894697 -3281.4854461703112065 1822.1945414548627014 2804.4994681183434295 5917
49000000 305.40003991251359139 5151.6112771393363801 1253.4281794479575183 -3372.0690658734311 1783.7456994438848596 2841.7515458775042134 5911
50000000 307.55870368221280842 5188.0244898642604312 1430.2997502454409187 -3349.8461080176439282 1861.7419019460019172 2918.4039563170827023 5920
51000000 314.45341007443755643 5304.3271832526588696 1255.4322662012991714 -3390.8394387367052332 1850.8924857586266626 2795.3792191793781967 5915
52000000 308.88251124483207377 5210.3550107453493183 1280.7706996967951909 -3382.4617855330511702 1760.9839988590535995 2902.2484863707923068 5909
53000000 311.66894634572832956 5257.3577239503183591 1301.8377723569803948 -3375.0364665172487548 1822.7028842965637523 2854.1713545776651699 5920
54000000 305.35619714935916136 5150.8717196947727643 1207.2018166089183069 -3471.1193032401188248 1835.1547186478828735 2843.1664012011542582 5928
55000000 304.12086710308892634 5130.0336733108306362 1189.9633708488586308 -3457.883655824354264 1818.1874064136559355 2829.6596202595574141 5930
56000000 309.89166490867700077 5227.3778225187834323 1270.3151067682845223 -3482.2238747759229227 1883.3870334615462525 2869.1519480826614199 5926
57000000 312.12990772227709613 5265.1334067119669271 1255.9675022316455397 -3434.6311661007521252 1831.203398989616062 2859.3952693427813756 5911
58000000 315.44132622815607192 5320.9917521237775873 1161.8807960037574958 -3496.5098837881314466 1834.309775408331916 2824.0809043835570264 5925
59000000 312.71174247211928332 5274.94803037598831 1102.2547968398012017 -3551.086530941053752 1789.490110545128573 2863.8512172357268355 5921
60000000 311.20979680971731796 5249.6126040469771397 1243.0419454824459535 -3479.386907711576896 1860.5599975495335912 2861.868855644489031 5925
61000000 304.08430703807226791 5129.4169633611963945 1043.179120848322782 -3528.2046151948793522 1793.2781473752916099 2778.1055886679105242 5919
62000000 309.98544936758241874 5228.9598166673631567 1034.4242313104987261 -3587.8086469199347448 1848.2251664512034495 2774.007711779229794 5940
63000000 307.98768718554003954 5195.2607569390138451 1122.4301080764232665 -3538.3061218169909807 1815.0614814846242098 2845.6747484087900375 5932
64000000 311.78330237436722427 5259.2867276495771875 1019.3482962826057019 -3593.3486115663849887 1791.931520306846096 2820.7653875421437988 5929
65000000 313.33968175889452823 5285.5403639985934205 1126.1484656652560261 -3494.4387644299517888 1810.3406820647842324 2810.2465480304235825 5945
66000000 306.213498548653547 5165.3330261103765224 1104.6801894510758757 -3543.8187470697498611 1856.787553001129254 2791.7113835196969376 5948
67000000 313.47081938293473513 5287.7524464300704494 990.78674770815575812 -3570.4098401160836147 1787.5268596722721668 2773.6697281519673197 5942
68000000 307.65385986375684979 5189.6296227845841713 978.87882363445510236 -3651.8855029284659395 1761.4659214510074889 2869.2984051119137803 5940
69000000 306.46456006369305669 5169.5680331932298941 1087.0116655044116669 -3582.8210968125245017 1832.5008942327317527 2837.3318680842048707 5941
70000000 312.9794818897516393 5279.4643670588675377 983.22259641815185205 -3674.6896089262727401 1861.3176255717819458 2796.5945797726421915 5938
71000000 306.71653645660632037 5173.8184728057349275 1044.5881145044270397 -3657.1595234515534685 1870.7819216176551436 2830.9657163383253646 5934
72000000 314.22858684831419396 5300.5347742294261479 919.55353689788728389 -3682.2047313112884694 1848.5507097122313098 2753.2075584969447846 5941
73000000 310.66288309699808678 5240.3870425477925892 1064.3523808207899037 -3694.7728859506605659 1907.4955527542410891 2851.6297140172100626 5943
74000000 313.67731997403683408 5291.23578184208327 990.90419511964284993 -3685.2464098739415022 1868.2869363484210226 2807.8636686451632158 5947
75000000 317.23950805776900097 5351.3242098223245193 791.48829393506696306 -3787.4133166135488864 1815.5973936923185192 2763.3042168562974439 5943
76000000 309.34854352593561089 5218.2162315740424674 874.57655330614568356 -3712.1555042251434315 1779.5310479737781861 2807.2010095575114974 5946
77000000 315.41800263370629409 5320.5983203081650572 1008.179032502426594 -3636.2308617234848498 1851.1041537264950421 2793.3057404994169701 5950
78000000 314.2697068529443527 5301.2284030830087431 1150.3541751930733881 -3642.1999291918095878 1893.8975123941563652 2898.6565919907266107 5950
79000000 314.78176458283076045 5309.865999779410231 1140.0527708629019799 -3530.7407732686256168 1892.2178577030067572 2778.5756864285208394 5952
80000000 316.57010729286918149 5340.0324872332530504 1041.4928488874602408 -3605.6054285735540361 1810.1689244521871842 2836.9293530088270927 5954
81000000 312.03175193408787891 5263.4776752146917715 958.16653371154336583 -3758.3871028794269478 1894.2172818408298554 2822.3363547501398898 5960
82000000 310.39368021975047895 5235.8460196367786921 824.59212631439606866 -3742.6971597419378668 1785.7345441712332104 2781.5547418851001567 5955
83000000 312.93044339211064653 5278.6371658655289139 866.63852888615792835 -3755.9141674150932886 1768.446552320858018 2854.1061439803929716 5944
84000000 309.52040208243977304 5221.1152111485489513 945.30624465891855834 -3683.6229687687964542 1802.3825966827621414 2826.546616744952189 5964
85000000 316.9829878680475872 5346.9971236092342224 943.50780958311611357 -3704.1978630497351332 1840.675607971463478 2807.0300646613877689 5967
86000000 313.20181326134814981 5283.2147424730501371 965.2158700740956192 -3742.6643797329570589 1821.6709000037094484 2886.209349803342775 5963
87000000 313.00343994379966261 5279.8685011953512003 911.02831546752827308 -3750.1782363787142458 1861.4033408947593671 2799.8032109514833792 5951
88000000 309.66625100511623714 5223.5754497098596403 946.34193985919523584 -3744.5413036609447772 1823.3662626384573286 2867.5169808816817749 5958
89000000 315.27005738476105989 5318.1027200682838156 966.96840689017346904 -3792.7624306893058019 1878.8120941146546556 2880.9187434648251838 5968
90000000 313.43652574415000345 5287.1739674739174006 780.54028326234606538 -3846.8548497181309358 1813.6627004717970522 2813.7324325086797216 5960
91000000 309.64405413434184311 5223.2010239244818877 826.65239582405672536 -3810.6417044362265187 1853.932553688889584 2783.3615465713937738 5966
92000000 307.40950364815375906 5185.5077234020545802 976.18375611557917182 -3782.7531462369956898 1893.4244546384277328 2865.5124477141471289 5969
93000000 307.59544457298562747 5188.6442500558168831 908.10793132423214047 -3711.5056348908719883 1805.9791604181718867 2813.6344057969326968 5962
94000000 311.21248994717996084 5249.6580329779217209 898.39023695078378751 -3802.9807097273001091 1920.9959548933688893 2780.3749917847148936 5979
95000000 310.73309976898332252 5241.5714857434968508 715.30114998352132716 -3931.4485211266492115 1826.0504260497202722 2820.6992450604502665 5973
96000000 314.34749151545133827 5302.5405062008549066 840.74191285545066421 -3838.1694177986305476 1859.7692169161441598 2819.1421137379365973 5973
97000000 312.30860223461837677 5268.1476979517583459 730.72698922530673826 -3894.4037658153283701 1866.6295966574609793 2758.5011583831742428 5974
98000000 308.15670156151219317 5198.1117597270495025 786.58393788577063788 -3903.8018653667209037 1863.4327708333701139 2826.9530324191209729 5983
99000000 311.7676855538621794 5259.0232968109639842 847.27643029682849374 -3878.4770742313198753 1900.7817481303591194 2824.9717563977892496 5985
100000000 308.28259669807391674 5200.235409761392475 765.30836112754570877 -3887.6270291778500905 1858.7650676436355752 2794.1703226617601103 5984
101000000 307.66758503374956035 5189.8611444979915177 813.36867475496910629 -3874.7844455365502654 1869.2135372202837971 2818.9395830712355746 5979
102000000 310.06016871184141337 5230.2202127583896072 878.22696600872177441 -3800.7224131873408624 1853.7378138433009553 2825.2115653527612267 5979
103000000 315.59258723150696824 5323.5432838487804474 834.52942605012003696 -3773.2751246922211976 1824.4068280288881851 2783.3977227134528221 5982
104000000 307.76485151474753366 5191.5018748022193904 812.48383726422457585 -3868.7092818697551593 1864.4934533583714256 2816.6996657756080822 5979
105000000 307.74832381874762177 5191.2230789476980135 835.20522630214350102 -3794.4696573071887542 1825.7288362852254977 2803.9460473241069849 5982
106000000 313.54269107473822942 5288.9648071688179698 853.33008001821451671 -3864.4575163864974456 1918.4965748759482267 2799.2910215287638493 5982
107000000 311.92959789549905736 5261.7544996140923104 712.83605549925050582 -3899.7846836456656092 1817.6398248853297446 2794.9809142595863705 5985
108000000 310.16868292368593529 5232.0506743314408595 879.93358699934356082 -3904.8765721590975772 1910.1445463105187628 2874.6656128479216932 5995
109000000 307.9018405757684036 5193.8126616370927877 756.78545689385498463 -3864.8628355379441928 1802.2575324390268179 2819.3907599927724732 5984
110000000 313.04930824148794954 5280.6422261748948586 849.78190211042385727 -3862.7500989412606032 1855.5092535555274935 2857.0227474961566259 5990
111000000 311.3688551277553529 5252.2956640268066622 757.80941000773123051 -3891.0264505514596749 1852.940028135769353 2795.8958324234217798 5983
112000000 307.07674773515958577 5179.8946622040057264 617.98575679768214286 -3973.5253183730237652 1803.3326857135946284 2788.1783894571108249 5991
113000000 304.58012670623804752 5137.7806498711324821 724.93819551227284137 -3912.064636063620128 1839.4630623346893117 2797.539769241203885 5987
114000000 310.88713111413869683 5244.1697487134779294 762.72436777149414411 -3939.6996401451588099 1934.3892637556728005 2768.0347441609801535 5995
115000000 308.03171770704614119 5196.0034815673216144 746.30391963937199762 -3953.8607301152619584 1871.0889743962466127 2829.0756753583882528 5990
116000000 315.6521711296779813 5324.5483691193703635 637.17218801014996643 -3966.0335285041705902 1817.4032490530614723 2785.8024674612588569 5992
117000000 313.52891095703330393 5288.7323585751983046 779.20872568735762798 -3871.7838007868776913 1856.951121785919895 2794.0414046883151968 5993
118000000 306.95939692281257294 5177.9151412830469781 774.39482998728590246 -3927.2168953669352049 1881.0778202699723352 2820.5339050842489996 5997
119000000 311.18761302114228329 5249.2383989374247903 608.09373632193273806 -4010.855667306822852 1808.1503586118969906 2810.7990450168585994 5992
120000000 313.68448390453016827 5291.3566259163953873 582.21034350915965661 -4083.8788512254081979 1853.2514204991950919 2812.8377742353723079 5998
121000000 314.13627819325188284 5298.9776745364042654 847.72648164676684246 -3916.2041219551429094 1892.9149976098249226 2871.0156059920855114 6008
122000000 308.29233555589814841 5200.3996887503799371 724.21477807135966032 -4003.6392390806454387 1897.3371327293325521 2830.5168844226718647 6006
123000000 306.08181750054501435 5163.1117769821321417 754.39726803037274294 -3991.3332545403463882 1826.4987525633073346 2919.2317700074117965 6014
124000000 308.23747162475257255 5199.4742217907860322 704.87327405800238012 -4027.0515744337521937 1898.7290072282451092 2833.1958412635099194 6009
125000000 319.93893869607791203 5396.8592965962207018 690.37229680282598565 -3978.1030294570050501 1845.0930031878456248 2823.3823230719854109 6008
126000000 307.86459466977674992 5193.1843826447629908 723.31866618731953622 -3958.9289038556198648 1851.8534645519996502 2830.3941054909400918 6016
127000000 306.17250486003126753 5164.6415280062547026 588.83228980307478651 -4088.8351668003806481 1832.7174761722199037 2844.9499804312363267 6014
128000000 310.20214522301597526 5232.6151299177499823 733.91403245528681509 -3998.7223365614436261 1905.4310789216251578 2827.2052900951057381 6016
129000000 310.9633979107312598 5245.4562478557509166 633.74949330693198135 -4046.8169440208939704 1890.3378246651218433 2790.228612662705018 6012
130000000 310.7411332025414481 5241.7069969468484487 542.49421615459505119 -4089.2761356159030584 1798.344703312696538 2833.4256484578017989 6016
131000000 310.8592692844007388 5243.6997641112466226 589.67776602632568483 -3980.4970753196357691 1770.4032366239121075 2799.7716047220483233 6015
132000000 309.45221808488878423 5219.965055926549212 702.96353187945123864 -3994.8803376665073301 1856.5995097918432748 2841.2443597541159761 6016
133000000 313.03372802471108116 5280.3794127827586635 702.57485453180504464 -4038.141985166213999 1836.361301868663304 2904.3555378293558533 6025
134000000 303.53172625285577624 5120.0958073932170009 677.59719808207353253 -4014.878018470619736 1877.1185335401305565 2815.356683012562371 6028
135000000 312.14181672564495784 5265.3342925928818659 654.20822862471140979 -4022.147645979077879 1851.9488607951045651 2824.4070138086844963 6012
136000000 307.72717817209149871 5190.8663856355187818 643.95826536908657545 -4114.7175624931733182 1860.5891901215134112 2898.0866377407460277 6024
137000000 315.36745906012964724 5319.7457308857829048 651.01018892553361184 -4022.9888457942383866 1874.4371928591722281 2799.5618418605999977 6022
138000000 311.153705276128278 5248.6664293933263252 687.28427600862823965 -3992.4068659458998809 1865.3961878055038142 2814.2949541490243064 6019
139000000 312.13671903413211339 5265.2483026726040407 774.55822764949050452 -4007.9440385688103561 1910.5514374295319158 2871.9508287887692859 6011
140000000 310.73970127043395451 5241.6828425374542348 719.79469981333159012 -4010.667501309158979 1922.5716539544093848 2807.8905471680809569 6021
141000000 310.76533345055918289 5242.1152165090770723 654.85857875794340544 -4017.6893378937261332 1883.6576328278422352 2788.8902838238273034 6016
142000000 313.07705392695208957 5281.1102516085857133 698.59357757562838742 -4027.6878187127249475 1858.4786352083626753 2867.8027610799908871 6017
143000000 308.54983876150652122 5204.7433568726619342 642.03723074379672653 -4018.5252468279513778 1870.5365687383048225 2790.0259088334437365 6015
144000000 314.11743469929047023 5298.6598148661169034 654.55897319370262721 -4043.2026833956824703 1861.345926185388862 2836.4157304039958944 6023
145000000 311.24220396319452675 5250.1592610066854832 721.31444050488403263 -3954.0850685363088814 1857.6822350372149231 2817.7172740039777636 6009
146000000 309.14918806633647819 5214.8534231273761179 593.68235336503698818 -4056.5638213552610978 1830.6398229896453813 2819.606351730652932 6016
147000000 309.10571704356550526 5214.1201363498103092 719.93210054799442332 -4076.1093187571073031 1913.3425407061783972 2882.698878598923784 6027
148000000 312.97167230766126522 5279.3326318725257806 575.98075878887857471 -4078.9034278976791938 1883.5891188589012017 2771.2950678276565668 6029
149000000 309.44960349751289641 5219.9209520102094757 540.77832201617070496 -4157.0491317154428543 1906.35935115109055 2791.468102580523464 6023
150000000 307.14005054256932681 5180.9624795383451783 601.58053325723108173 -4126.8471999049297665 1899.0665597166077987 2829.3611734455530495 6019
151000000 316.19457622525976603 5333.6978774428707766 601.38666089040327734 -4046.6732542262056995 1800.2613270129877492 2847.798588103621114 6019
152000000 309.9463861947151031 5228.3008832830655592 542.63478775128396592 -4086.7141599292749561 1789.0694727573468299 2840.2794749232116374 6027
153000000 309.36759060552378742 5218.5375254089458394 649.24503670332478578 -4091.5466345142431237 1891.7482775526218575 2849.0433936649455973 6029
154000000 318.36514835301267112 5370.3119651632896421 570.18284685807475398 -4083.4220952878208664 1876.7958844184527152 2776.8090577274429052 6032
155000000 309.47049949264714996 5220.2734340996403262 588.74521358126287396 -4116.4953936438732853 1865.9654881960577768 2839.2751190290782688 6025
156000000 321.49832187391814387 5423.1636021445910956 496.98722007874800966 -4111.99830981962441 1849.116264877719459 2759.8692650206530743 6025
157000000 317.47072167003176446 5355.2244144611395313 740.80372818975195059 -4018.4347118184400642 1916.4904521112166549 2842.7479878969752463 6032
158000000 314.69547091684199813 5308.4103633525755868 590.90270445825581191 -4087.5980953549951664 1906.242403186936599 2772.2583966263141519 6013
159000000 308.83370128781274389 5209.5316646675637458 603.97992925751304938 -4036.1678971766850736 1827.7474524516567271 2812.4003739825416233 6018
160000000 312.60190935325641703 5273.0953209464169049 513.20118149157406151 -4111.202210182815179 1847.2920644451962744 2777.1113272291931935 6025
161000000 309.72753730304498276 5224.609251747457165 473.1487788087355284 -4160.3759749665532581 1877.1551582992508429 2756.3695954760378299 6029
162000000 310.3728482370643178 5235.4946173351881953 658.31080026315714804 -4044.5259568247788593 1889.0913592548599809 2813.7453978330759128 6024
163000000 302.97890157627250574 5110.7705373671124107 539.8882443754613405 -4103.5550087549090676 1863.6073479556084749 2779.835905174762047 6032
164000000 310.39516172317536302 5235.8710102351851674 650.48781234667148965 -4065.3424835458276903 1879.9508920651669541 2835.8794038273322258 6027
165000000 310.44069101940408473 5236.6390168011284914 537.54775731328254551 -4070.4997011447658224 1852.775869953121628 2755.2715885049269673 6027
166000000 308.08910852917205148 5196.9715731450205567 625.51445302676779647 -4075.6301271316388011 1883.7399128963422754 2817.4046672620643221 6031
167000000 309.0991366688623998 5214.0091359303669378 538.7385611787981361 -4157.8821710117763359 1846.2542755796275742 2850.3664566109468979 6026
168000000 309.0297898397278118 5212.8393655953468624 641.42401212601907901 -4045.6757932384161904 1900.3422495616064225 2786.7575558028297564 6025
169000000 312.73091415841355456 5275.2714261271603391 604.79847117897054432 -4113.5409486615226342 1889.8879989725244286 2828.4514208679693184 6036
170000000 308.50206488388795378 5203.9374878008602536 496.75940779199828512 -4105.5805282521614572 1822.7691722855072385 2779.570763758652447 6029
171000000 308.40247764833657129 5202.2576100710721221 644.05781545836839541 -4084.2803793223220055 1936.042446999203321 2792.2957477814861704 6033
172000000 309.65888902195149512 5223.4512648030586206 557.57034352709865743 -4149.4744443106046674 1942.0440956252841715 2765.0006922124193807 6033
173000000 315.81937466638731848 5327.3688259390100939 575.00698728588440645 -4109.1102729480589915 1841.7766734578426622 2842.340586776100281 6035
174000000 311.81919164372851583 5259.8921223470470068 580.44410904898586523 -4091.4535539471035008 1866.1644925143868932 2805.7331704817024729 6030
175000000 315.70026114652461047 5325.3595709554147106 565.07928399533545871 -4125.158511038841425 1929.6703906510067554 2760.5674043831704694 6027
176000000 307.98147899756298784 5195.1560347156564603 567.35764046138456251 -4106.0904500518308851 1891.5198102986764752 2781.9282802145389724 6041
177000000 306.89357032590305607 5176.8047516476299279 492.7256492692943084 -4223.8273137673440942 1851.7195992938261497 2864.8333637428117981 6042
178000000 314.07614577590692306 5297.963336622746283 587.07991948037522434 -4092.8688098992238338 1851.6336007510433319 2828.3151286285556125 6038
179000000 310.79429614757634681 5242.6037709854053901 533.59862937458888155 -4137.1280845335058984 1851.1356770565353145 2819.5910368515587834 6043
180000000 311.76313735649642922 5258.946575979995032 482.70878695039158401 -4169.0635913726800936 1847.2375642216115921 2804.5348141014601424 6043
181000000 313.3275915776733882 5285.3364219364402743 455.45305423417323709 -4195.4009316952069639 1848.2999410506622553 2802.554044878717832 6036
182000000 309.8552154458305381 5226.7629782512476595 427.87866542691523364 -4181.7075834647248485 1871.6254582594428939 2737.9607906321975861 6045
183000000 312.19311008868209001 5266.1995297668527201 486.5930079857301962 -4162.9080033523405291 1869.6751337872524346 2779.8258775508188592 6034
184000000 314.61655252004283057 5307.0791359465783898 404.07275160115852941 -4186.6402145412512255 1841.7161639340547481 2748.9968022083548931 6036
185000000 316.03058317032019886 5330.9315763269933086 274.09903177327106505 -4351.3322578044753755 1848.4732473514161484 2776.9580422263302353 6039
186000000 312.80202932957519124 5276.4710255700310881 452.64718671454033938 -4252.5428128672192543 1893.3572936505397593 2811.832705931219607 6036
187000000 312.28264531276937532 5267.7098461055193184 508.64338638492466771 -4173.9353142324871442 1834.2097742840369392 2848.3689263333753843 6045
188000000 316.60870971837556453 5340.6836485448902749 533.16854959001113912 -4155.2142795240706619 1897.5083096057880994 2790.8745195082929058 6039
189000000 313.46276729454905308 5287.616620549549225 545.82055308206486188 -4118.044555857263731 1861.3462108579042251 2802.5188980814236857 6036
190000000 311.90947905049830524 5261.4151268071382219 719.56523840971954087 -4041.2930622191743169 1937.3013999513220824 2823.5569006775717753 6035
191000000 309.55834223655642745 5221.7552009987784913 526.82155516290970354 -4117.3546515428388375 1871.5418997395458973 2772.63430696620253 6038
192000000 313.54030665904963371 5288.9245858815047541 470.8099973187832461 -4132.2813830737468379 1838.2729092035281155 2764.8184711890016843 6037
193000000 316.86029018161610793 5344.9274094556922137 616.27474248461112438 -4133.1874276446069416 1920.6102172933078691 2828.8519528359101969 6040
194000000 311.93836548546755694 5261.9023948644262418 494.32721752679128713 -4126.9489000729327017 1842.5360550957680061 2778.7400625039554143 6043
195000000 314.36003493264308872 5302.7520936305008945 572.936723997603508 -4124.7447205258413305 1911.3922831042193593 2786.2891614192253655 6039
196000000 309.40403817381377394 5219.1523377183375487 607.19044575592863566 -4122.9155631603989605 1891.3662494568566217 2838.7397594594708607 6043
197000000 309.5705109975623941 5221.9604685764943497 461.43648588822111378 -4200.3465182844502124 1901.0378275979246609 2760.7451765747468926 6041
198000000 308.41597809427321408 5202.4853410482965046 570.15189937189745706 -4129.4720542273007595 1915.5226450045602178 2784.1013085946383399 6040
199000000 308.69112765383096075 5207.1266749994101701 459.18778661713383826 -4102.9583915678449557 1802.9603249995750502 2759.1858531854036301 6042
200000000 313.11096077309355223 5281.6822059901387547 474.89335040611751992 -4171.8869031358581196 1865.89723651660006 2780.8830170253759206 6038
201000000 307.79546592370184044 5192.0182910229150366 383.43537611073634253 -4244.0513340408278964 1849.6687950360260402 2777.8179151155381987 6054
202000000 307.59409754916458724 5188.6215279137077232 498.80220516462708247 -4153.6450856402170757 1843.8281896306602903 2808.61910117418347 6038
203000000 311.57842194238105549 5255.8307217361943913 515.51097822941869708 -4133.2242704281115948 1872.2779238980310765 2776.4573247594998975 6046
204000000 312.50819786812695611 5271.5145577489774951 490.97445433127734304 -4237.958797730243532 1898.6495330214399928 2830.2837190400809959 6056
205000000 308.37315972956304222 5201.7630635706218527 478.08086438713087318 -4111.5681155332340495 1795.6415221291076705 2794.0074577912564564 6060
206000000 313.61305006660268191 5290.1516510737528733 534.69897784867509927 -4097.0366366409671173 1902.8793832806086357 2728.8562312090343767 6058
207000000 315.58950505823929689 5323.491292504678313 466.82168018284380651 -4138.0087962923553278 1811.294816100857588 2793.5356603743421147 6050
208000000 311.30275847970528957 5251.1807190596309738 531.09013269032323024 -4117.9225363341429329 1902.965002810045462 2746.047666214421497 6049
209000000 315.20956720692669251 5317.0823473061291224 502.97090412482697275 -4097.9233264238155243 1833.8557692143490385 2767.0384613342930606 6049
210000000 306.20758919585671265 5165.2333447595892721 537.74224389243090627 -4096.4344436230494466 1883.6078224611073892 2750.5688650543725089 6056
211000000 319.14852852942681238 5383.5263385217822361 587.97047772706901014 -4060.3128252574692851 1847.9488038463921384 2800.3344991381459295 6057
212000000 304.19912370204264107 5131.3537372433565906 463.75140559280100661 -4210.4064978747110217 1852.5301824373368618 2821.6277210301759624 6052
213000000 309.88731252176989983 5227.3044046977529433 473.0697592578682702 -4162.5929359277124604 1845.8016583429043749 2789.8610368426761852 6060
214000000 312.98758360866065686 5279.6010301271098797 460.88566192672925581 -4238.8039855318575064 1904.2209889811199446 2795.4686584774667608 6055
215000000 309.28734596870748419 5217.1839264504405946 553.83561710565572866 -4046.0974427204077983 1844.5095632908214611 2755.4234965352420659 6059
216000000 318.69114961073256609 5375.811086106798939 578.24434260364523652 -4155.3736770797095232 1953.1850480341188359 2780.4329716492352418 6047
217000000 310.45843986642580603 5236.9384115245193243 620.58737751597982424 -4075.4991516192067138 1916.5105249733671826 2779.5760041618195828 6053
218000000 311.67266025255833028 5257.420371631416856 592.57786083509040509 -4140.2441671913275059 1911.0403256326749215 2821.7817023937432168 6056
219000000 310.81234893208710446 5242.9082926491746548 516.78557965329423496 -4093.2511541718013177 1909.2193320904827942 2700.8174017346127584 6050
220000000 311.20538065821040163 5249.5381106189115599 670.42952329051558991 -4053.1433002881426546 1908.7789433930961422 2814.793880185562557 6059
221000000 311.30543356353945228 5251.2258434546747594 655.77021375788717705 -4054.5177886952551489 1896.2318097076004051 2814.0561927455423756 6058
222000000 312.38300598280204667 5269.4027704406626071 600.98941375566096212 -4109.9700996393130481 1914.5402709820293694 2796.4192424129450956 6059
223000000 315.42117596742633623 5320.6518493836128982 603.72419476881532319 -4017.2332095680444581 1852.5730616491621277 2768.384342687697881 6054
224000000 304.89346318663632474 5143.0661362332866702 597.2658716650680617 -4115.402157024906046 1888.0678930514663989 2824.6001356385077088 6062
225000000 310.12153175038707786 5231.2553092877224117 700.92104542835443226 -4040.6244005716839638 1922.6035017397587126 2818.9419442602797972 6064
226000000 308.82725638806584811 5209.4229494944238468 537.09431779650344652 -4074.478363707187782 1898.1750349854801243 2713.3976465182113316 6066
227000000 313.70097482861473281 5291.6348014873901775 624.14727244345078816 -4063.9909323993315411 1867.1562842332664331 2820.9819206095157824 6071
228000000 310.75310545434632559 5241.9089497279564966 500.64824257066419477 -4191.5102772689115227 1904.4794168342816647 2787.6791030052945644 6068
229000000 309.46301535756521162 5220.147188684941284 538.03165396029180556 -4167.9703401005626802 1930.6371468128047582 2775.3648472480490454 6064
230000000 309.42766157097082669 5219.5508267271579825 562.87423096177406023 -4123.6842467358655995 1855.2672109685843225 2831.2912667290556783 6062
231000000 310.02137850516720619 5229.5658838781364466 501.44889306747279534 -4255.0533860523282783 1884.3610168237032667 2872.1412622960979206 6068
232000000 302.69333935888255382 5105.9535584962113717 458.84735549315018943 -4208.3814108849728655 1804.6093630189425312 2862.6194033591809784 6059
233000000 310.44823765805574567 5236.766316551296768 565.08101592783191336 -4067.8627016780424128 1840.2013420234341083 2792.7423755824402178 6074
234000000 311.8049560227289021 5259.6519901397959984 521.59306493076519473 -4204.0094828471455912 1918.5660127560608998 2807.0365350218503409 6062
235000000 313.52425527451873677 5288.6538246413074376 532.02431789323509292 -4241.4141269634556011 1918.5562721393039283 2854.882172717386311 6068
236000000 314.39520813961104295 5303.3454094981780145 435.69771172140406179 -4183.4608940025918855 1843.703531508935157 2775.4550742150613587 6062
237000000 307.2727633882717555 5183.2011334453245581 340.93546609543204795 -4284.3071633327026575 1835.0716170082785084 2790.1710124198561971 6070
238000000 310.09197455549980305 5230.7567265811003381 468.49955831596747657 -4235.9064504693451454 1868.980509068171159 2835.425499717141065 6069
239000000 308.90486378211545571 5210.7320623763016556 427.42864839168731805 -4272.7312726308773563 1872.0984487171738238 2828.0614723053904527 6074
240000000 309.53458905359599385 5221.3545227105832964 565.07813001575891576 -4094.2175300713697652 1859.5323409698644355 2799.7633191172640181 6078
241000000 310.81163791134554231 5242.8962988640014373 686.76712760394127599 -4069.8696221448244614 1945.9728538606018446 2810.663895888163097 6068
242000000 310.43999509225233169 5236.6272776207269999 583.39888186490793487 -4118.1171133339048538 1865.9150137361507404 2835.6009814626622756 6068
243000000 313.89217849068609212 5294.8601021194372152 526.45579029962937057 -4118.0105843316196115 1889.6963255470648164 2754.7700490841834835 6072
244000000 311.77376140362969181 5259.1257866999285397 559.85630481843645612 -4108.809058472268589 1868.0933558652232023 2800.5720074254822975 6067
245000000 309.20748019501581894 5215.8367183082109477 603.67534526653003013 -4114.1091247631175065 1895.0888977887798319 2822.6955722408670226 6072
246000000 312.55044150111098133 5272.2271404196608273 639.13563845473868241 -4092.1870680064412227 1899.2517463370613768 2832.0709601241187556 6074
247000000 316.49681973393205681 5338.7962430755815149 625.66662310861465812 -4116.4691038777782524 1938.9123696294495858 2803.2233573569437795 6073
248000000 307.03063328332342508 5179.1167849968305745 548.00018060537354359 -4129.2971529858623398 1918.1147169517053044 2759.1826166395303517 6075
249000000 306.68500241357423874 5173.2865438258158974 445.90652231091439717 -4198.8579983674308096 1903.944257609559827 2740.8202630687851524 6080
250000000 308.81983672319978496 5209.2977915893770842 497.91090430910992382 -4180.8854517656282042 1885.8819982674785933 2792.9143578072598757 6081
