# Steps Temp KinEng PotEng Epair Ebond Eangle Bonds
1000000 313.61173557850554516 5290.1294777573812098 2608.8556643732695193 -2005.8247785431144621 1746.4078870758467019 2868.2725558405372794 5735
2000000 316.3123908999178866 5335.6852229807273034 2331.4409916446074931 -2317.989568234905164 1754.5911290262538387 2894.8394308532588184 5783
3000000 308.40036323215326775 5202.2219432445135681 2285.6589701131429138 -2410.6532517381860998 1767.4202303733081862 2928.8919914780208273 5806
4000000 312.35788878621866616 5268.9790834195136995 2233.1201242337601798 -2477.3694145790032053 1788.5837077804967521 2921.9058310322661782 5814
5000000 308.7950285064944751 5208.8793165656625206 2212.0994971369409541 -2468.3256149971784907 1809.3494970051262953 2871.0756151289929221 5834
6000000 311.05626642340740773 5247.0227914532260911 2057.8979853348282631 -2628.5489396867178584 1819.359772227394842 2867.0871527941508248 5836
7000000 312.31536360549449682 5268.2617514877838403 2091.8534734660925096 -2724.5171047373714828 1843.9894439655522547 2972.381134237911283 5858
8000000 310.32807456369977217 5234.7393569210444184 1911.6958196107566437 -2740.7347115390693943 1789.5784913504248834 2862.8520397994006998 5858
9000000 305.61383795380322681 5155.2177088898151851 1958.1944748282076034 -2811.2964600825212074 1870.998884337049958 2898.4920505736786254 5863
10000000 313.66074666987327646 5290.9562166506284484 1827.8852888874293967 -2840.5769634095145193 1799.7316534917888475 2868.7305988051548411 5868
11000000 314.30791224512933013 5301.8728670761511239 1943.5443062789283886 -2838.7572168664755736 1807.7616731043003711 2974.5398500411038185 5867
12000000 311.64351143018842549 5256.9286775174305149 1922.7341193559875592 -2879.8020533560629701 1811.3046746151164825 2991.231498096933592 5868
13000000 306.70712423572319949 5173.6597036606544862 1768.9910494398918672 -3017.872223714617121 1811.6555776429775051 2975.2076955115321653 5883
14000000 310.04480667948342898 5229.9610797891937182 1703.2842437601693746 -3056.805645375610311 1849.1771874571272747 2910.9127016786524109 5882
15000000 312.84578670296014025 5277.2091426254601174 1760.4762975343219296 -2972.4023180355698059 1880.7332047819950276 2852.1454107878962532 5891
16000000 314.67955765145950409 5308.1419319619835733 1611.069083847272168 -3038.078901348391355 1750.6666772973871957 2898.4813078982760999 5886
17000000 306.64447348168994267 5172.6028854261467131 1737.4392723350158576 -3085.3986499697421095 1829.4446154893050789 2993.3933068154537978 5895
18000000 309.25190065516937921 5216.5860205791877888 1665.497474752427479 -3109.9169871091580717 1805.6665756916170267 2969.7478861699682966 5896
19000000 309.10903112188600517 5214.1760395620503914 1664.2870691348468881 -3086.8206666267383298 1875.028990141315262 2876.0787456202697285 5897
20000000 312.25916737034805237 5267.3138106859551044 1686.0374170934819631 -3028.7240219816376339 1852.2533382849442205 2862.5081007901749217 5903
21000000 310.48043353571068792 5237.3094096250642906 1583.2006177141408898 -3104.509204563251842 1816.5315637329872516 2871.1782585444057077 5899
22000000 312.94528985176106062 5278.8876019459648887 1701.8260261235993767 -3104.7022312189405966 1860.4527219673300351 2946.075535375209256 5895
23000000 311.94742716879386535 5262.0552510003562929 1641.5419166255305754 -3106.441102178939218 1843.8814160801516664 2904.101602724318127 5896
24000000 314.25325892238873848 5300.950952744233291 1498.1018724993439264 -3147.9979470558673711 1832.4740179865391383 2813.6258015686717044 5906
25000000 315.74971002224259564 5326.1936945719780852 1503.9979344528578622 -3157.123070445707981 1824.226408356351385 2836.8945965422144582 5910
26000000 314.49778998039346334 5305.0758014390430617 1532.8662004915868238 -3200.5752217521439889 1817.0689732615983303 2916.3724489821324823 5908
27000000 311.88048531968041743 5260.9260488401196199 1577.0185325894312882 -3146.1223677767738991 1871.9035943386447798 2851.2373060275604075 5908
28000000 310.22128059924574472 5232.9379131760815653 1549.2924665386747165 -3140.2937659101817189 1791.133605189437958 2898.4526272594184775 5908
29000000 311.25864210442097146 5250.4365462151008614 1445.9590188606512129 -3250.2165024260652899 1816.0043682764930963 2880.1711530102238612 5902
30000000 315.62972704521007472 5324.1697732335187538 1546.6680251152135952 -3293.0916405134776141 1833.4387125504320011 3006.3209530782592083 5919
31000000 310.97467143744660234 5245.646414259712401 1384.2004665864865274 -3261.342688864732736 1808.9723701090731538 2836.5707853421458822 5911
32000000 307.72217835104441974 5190.7820466338043843 1362.7261791389778409 -3344.0320215200690654 1862.0532591888340903 2844.7049414702132708 5925
33000000 307.68387894411540628 5190.1359967619710005 1559.1610151159250108 -3252.5781387807573992 1939.5108973094252178 2872.2282565872569648 5915
34000000 304.61489937451426613 5138.3672092903107114 1422.9195750342637439 -3278.7803290308074793 1854.4651077599796736 2847.2347963050924591 5912
35000000 312.53683865096314776 5271.9976820468236838 1419.164369375735987 -3281.1509147650463092 1845.651964520109459 2854.6633196206726097 5913
36000000 312.73324669766441275 5275.3107723417597299 1399.3778514338132481 -3282.4101421256027606 1854.6466638237502593 2827.1413297356652947 5911
37000000 311.24930287308507104 5250.2790082871961204 1342.0255334041989954 -3275.6992418937197726 1838.1224444620581835 2779.6023308358608119 5913
38000000 316.31893676431417362 5335.7956412663706942 1286.0091440033208983 -3353.2037906385758106 1793.2929740265478813 2845.9199606153483728 5918
39000000 314.4766100952939496 5304.7185305789653285 1378.3245788498318234 -3269.4484192967270246 1868.5278333911433037 2779.2451647554157717 5910
40000000 311.57157749536690972 5255.7152668383032506 1461.573904679167299 -3308.5078125871200427 1814.9956654834886649 2955.0860517827991316 5916
41000000 313.07173739755000952 5281.0205702423654657 1454.3164039109196892 -3209.3819715964964416 1803.363562653723875 2860.3348128536918011 5917
42000000 312.70354797147990666 5274.8098022280273653 1372.2451120489372443 -3299.336625049333179 1784.0616169931331569 2887.5201201051377211 5924
43000000 311.43751709597808031 5253.4538818512319267 1339.5858403599695521 -3375.4050136418181864 1835.9187775539905942 2879.0720764477973717 5928
44000000 309.31921900931291702 5217.7215737784072189 1332.3706616522767945 -3343.0047637754055359 1831.0119165909547974 2844.3635088367273056 5919
45000000 310.17231776912711894 5232.1119883730852962 1241.9736763599607912 -3424.7964968912110635 1824.8268453129426234 2841.9433279382292312 5932
46000000 315.6167025434456832 5323.9500706749076926 1385.0129095789429812 -3321.2137452303486498 1848.6294026325065261 2857.5972521767848775 5922
47000000 305.92606252129542099 5160.4844390557755105 1284.7473131212357202 -3411.6930657728689766 1847.4463084531635104 2848.9940704409418686 5919
48000000 310.22280413090970796 5232.9636127238072731 1363.7987283208640292 -3352.5161555658496582 1797.9478702064466233 2918.3670136802666093 5927
49000000 311.41288387534552839 5253.0383587319838625 1400.5683412578082425 -3251.6073441066537271 1782.6489007690274775 2869.5267845954349468 5931
50000000 314.98218511299847933 5313.2467742667940911 1356.037004591216828 -3331.4020426301267435 1874.6805504081812614 2812.75849681316231 5934
51000000 312.86207512782470985 5277.4839023577869739 1336.015681180499314 -3282.5703312559235201 1794.3010967199886636 2824.2849157164341705 5934
52000000 308.39054134302489274 5202.056263649936227 1449.195740498644227 -3304.0328797671086249 1901.0637158000251929 2852.1649044657269769 5926
53000000 311.72558520220815126 5258.3131310676499197 1365.9439275361623913 -3301.3677316608700494 1865.2820037209817201 2802.0296554760511754 5914
54000000 315.5102123935953955 5322.1537517974438742 1372.1443775942939283 -3314.1186832908788347 1833.3871076603891197 2852.8759532247836432 5915
55000000 310.05235470501122563 5230.0884029337494212 1374.2083273128914698 -3368.1092833553057062 1835.5598876104422743 2906.7577230577553564 5931
56000000 310.91905542362326287 5244.7082608656137381 1372.565806393379944 -3351.2835803129114538 1845.7953585987675069 2878.0540281075241182 5936
57000000 313.32933276133724121 5285.3657929260471064 1321.4009745366352035 -3339.1881679876041744 1855.813064829654877 2804.7760776945842736 5937
58000000 310.91092865944000323 5244.5711753235646029 1273.16611080165967 -3424.9586632063628713 1804.4178450607589639 2893.7069289472628952 5930
59000000 313.9715741901252386 5296.1993808592314963 1310.2403847171790403 -3373.1446577374244953 1825.7913611078556642 2857.5936813467483262 5935
60000000 314.51760070269051539 5305.4099767077259457 1172.4030143158161081 -3501.953962809690438 1812.6271991946139224 2861.7297779308928511 5943
61000000 313.62593713167387932 5290.3690352946878193 1286.5642748115180893 -3476.8375281143471511 1890.1351566454213753 2873.2666462804440926 5940
62000000 312.22887401124552298 5266.8028100638866817 1242.4500420452093294 -3516.2150885081155138 1866.6364687781524481 2892.0286617751726226 5937
63000000 309.87374773376183157 5227.075588372468701 1182.468531597610081 -3426.8802707031663886 1767.97417046762871 2841.3746318331477596 5944
64000000 310.46014427787093837 5236.9671622254827525 1288.7709128364331264 -3425.6731394642933992 1895.2793571036918365 2819.1646951970342343 5941
65000000 319.29436756375253026 5385.9864102823976282 1258.8367652504120997 -3482.3308559040924592 1904.9148412190611452 2836.2527799354434137 5947
66000000 311.04451295834985558 5246.8245292553774561 1220.1539565048565237 -3492.8076388475446947 1876.0046363704680061 2836.9569589819329849 5938
67000000 306.62067970624963209 5172.2015224075985316 1239.6714978503050588 -3452.7506525589396915 1819.7418446390634017 2872.6803057701813486 5926
68000000 305.58283132888800537 5154.6946766118071537 1184.0712571417220715 -3501.8647152491948873 1869.9182688571975177 2816.0177035337192137 5937
69000000 311.07934708804731372 5247.412125430643755 1104.3087389140464438 -3555.5093195110393935 1811.6727600687547692 2848.1452983563312955 5932
70000000 320.46509985326395054 5405.7347956031262584 1086.1915921917438936 -3556.1257247588764585 1824.841451962571 2817.4758649880495796 5941
71000000 315.24621579684020389 5317.7005505294937393 1343.739279429754788 -3458.9801138077509677 1893.1261004853445229 2909.5932927521612328 5941
72000000 309.11629733344170745 5214.2986089546511721 1136.7404600841205138 -3511.7297914021351062 1855.2545899656167876 2793.215661520638605 5945
73000000 313.30781840337459698 5285.0028800425625377 1200.7052257159741657 -3512.5793395305713602 1879.9335337797251668 2833.3510314668205865 5945
74000000 314.95179847854103627 5312.7342002383493309 1001.2674235705720776 -3652.6543269943485939 1810.0822979482777555 2843.8394526166430296 5942
75000000 314.41208683604082808 5303.6301261697799418 1154.292343826974502 -3549.2175211688281706 1827.7143966514458953 2875.7954683443563226 5944
76000000 312.87053526933203784 5277.6266114432473842 1169.6603718767942155 -3479.9971594158701009 1849.2357755981524861 2800.4217556945122851 5939
77000000 315.55430150402787604 5322.8974647274362724 1208.0700423499424687 -3546.9796100699572889 1853.4974899052558612 2901.5521625146434417 5947
78000000 309.64473036000754291 5223.2124307722560843 1069.618673788135311 -3615.7598529808774401 1836.4683601855442703 2848.9101665834677988 5959
79000000 317.52633097060532918 5356.1624546134289631 1107.2845634413902189 -3549.3498734498102749 1858.8305496071457128 2797.8038872840543263 5949
80000000 318.39715141177299529 5370.8518056900293232 1079.0942801515257088 -3579.5281521946753855 1809.3856959749011821 2849.2367363713001396 5939
81000000 310.21828912702795833 5232.8874518139391512 1015.05228481823724 -3543.0440888127259313 1796.4798662574094124 2761.616507373553759 5951
82000000 309.46474283401505545 5220.1763284557237057 1060.6972053355825665 -3585.8004654431269955 1834.3968707662177167 2812.1008000124920727 5947
83000000 312.74061506584649806 5275.4350649536127094 1166.273323841558522 -3576.7630512612731764 1895.7589695888982533 2847.2774055139329903 5961
84000000 311.22716523670385413 5249.9055816914979005 1020.6558318735633293 -3683.6174238315711591 1825.8751011001829738 2878.3981546049517419 5945
85000000 308.56290299845750269 5204.9637297004564971 1032.6965304250456938 -3586.275829953702214 1833.1306102034250216 2785.8417501753228862 5949
86000000 311.37813151061317285 5252.4521418011881906 996.54625929733902012 -3639.6265490157320528 1862.6089608032227716 2773.5638475098485287 5948
87000000 315.85253785176450947 5327.9282359502985855 966.5700728357924163 -3707.2023058767999828 1865.7648798602240277 2808.0074988523683714 5956
88000000 311.70720484896440894 5258.0030838421307635 994.79320530010613766 -3740.2457195297993167 1872.7570651814053235 2862.2818596485003582 5966
89000000 309.77121558738059548 5225.3460346968431622 966.82185753944861517 -3796.4610895608725514 1870.2252412845839444 2893.0577058157377905 5960
90000000 315.57507848017593233 5323.247939156515713 963.78978507691294908 -3691.1943794232238361 1823.4353125587276736 2831.5488519414093389 5957
91000000 310.7474576824020005 5241.813680828687211 938.16559064612408747 -3738.9280851148123475 1886.0959024215578665 2790.9977733393784547 5957
92000000 305.82928061507567463 5158.8518827547113688 900.00388763439195827 -3668.2370164500139254 1831.6650869151776533 2736.5758171692286851 5949
93000000 309.51155475469465728 5220.9659708491781203 1085.6521542906154991 -3591.760909587731021 1875.0115017395773975 2802.4015621387688952 5953
94000000 315.56620864313129005 5323.0983191611849179 965.92673263270103234 -3644.625628110627531 1822.676883388952092 2787.8754773543760166 5950
95000000 309.43144187627524389 5219.6145944445524947 970.77296082204952654 -3710.0987532588014801 1863.3894808783545614 2817.4822332024959906 5951
96000000 312.94460608381388056 5278.8760678719390853 1129.7151456570475148 -3738.517247637057153 1962.7378082752120463 2905.4945850188933036 5959
97000000 312.95471503344896291 5279.0465897191370459 910.19764973255632867 -3687.7352070029328388 1827.7453360404203977 2770.1875206950689972 5948
98000000 313.0438556806745396 5280.5502501758619474 957.59237664665170087 -3675.8059309916120583 1847.7834736921552121 2785.6148339461083197 5961
99000000 311.51289548486465719 5254.7253949733385525 916.28206353016400953 -3696.5552706806474816 1798.9736650657198425 2813.8636691450919898 5953
100000000 313.62867008563938498 5290.415135866491255 838.98923742862268682 -3802.2438258108008995 1816.7662781472395181 2824.4667850921841818 5961
101000000 313.37686374714473914 5286.1675648006330448 957.27141397709317516 -3774.9474438962538443 1883.5722955308979181 2848.6465623424487603 5972
102000000 304.54013871192125862 5137.1061162249307017 929.59838899272256185 -3729.6518941855688354 1796.8908220872908714 2862.3594610910004121 5965
103000000 316.06688080555994702 5331.5438595051091397 943.54505389537803239 -3850.3700260053815327 1889.5525899246977133 2904.3624899760616245 5975
104000000 311.00275828346372009 5246.1201945274633545 872.74864319154642089 -3826.8365915511276398 1851.4650641325465585 2848.1201706101273885 5961
105000000 314.39489072234005107 5303.3400551753911714 828.57355847183430342 -3806.6935893167396898 1832.0279263326476666 2803.2392214559263266 5970
106000000 312.42493920493370752 5270.1101169756593663 929.77482557223254389 -3803.2547029141801431 1937.1403364750826768 2795.8891920113292144 5972
107000000 311.18208278208271622 5249.1451126303481942 879.8419585142470396 -3845.0890977282788299 1855.0513311014724422 2869.8797251410537683 5972
108000000 308.3577735469932577 5201.503523225895151 983.64802778995408516 -3752.8245762082306101 1906.5668507156838132 2829.9057532825008821 5970
109000000 316.11107834269841987 5332.2894014205903659 901.12607872485330063 -3769.3912585787543321 1874.9099529775178326 2795.6073843260896865 5967
110000000 308.45676283078466895 5203.1733144637801161 924.03985875632383795 -3793.6556897427994954 1826.9319216506091834 2890.7636268485139226 5959
111000000 314.02822936285741662 5297.1550632057005714 938.97630226456874425 -3767.0472544357789957 1842.5552599631516841 2863.4682967371959421 5960
112000000 310.26036909682858322 5233.5972737479132775 891.31038673585771903 -3785.345338686447576 1850.4932845869830089 2826.1624408353218314 5972
113000000 313.98931351177498073 5296.4986149047990693 957.20394268683719474 -3786.2317329912116293 1854.1680712368522563 2889.267604441196454 5968
114000000 312.8256391258865392 5276.8692851542909921 876.60699864295418138 -3784.2060508496374496 1834.9687745981284479 2825.8442748944626146 5963
115000000 310.84326304320836698 5243.429764367124335 895.73824940204133327 -3816.1771611765179841 1841.1785576499923991 2870.7368529285668046 5988
116000000 308.89973968251541692 5210.6456269937380057 932.14759478144605964 -3808.2684805146755025 1873.6992479719770017 2866.7168273241441057 5976
117000000 312.16606212455360492 5265.7432737785829886 815.78013808187529321 -3771.1072547131316242 1828.6678217307680825 2758.2195710642381528 5980
118000000 313.57812346348998744 5289.5624950195524434 971.97201048719136907 -3771.8666721806957867 1910.6182350833503278 2833.2204475845364868 5984
119000000 314.66525856315877263 5307.9007291626521692 737.50827603107507002 -3778.8879416066620252 1811.4517249129239644 2704.9444927248132444 5980
120000000 312.18999541170887824 5266.1469901371119704 726.46257647926358914 -3864.998960516691568 1796.5067351422662796 2794.9548018536888776 5981
121000000 316.12296871278010713 5332.4899729877051868 791.79466237522092342 -3860.3531680656492426 1832.7626314711851592 2819.3851989696850069 5991
122000000 309.1083970872849136 5214.1653444102030335 782.60668967704827992 -3839.9071184679251019 1847.7486926774226959 2774.7651154675513681 5981
123000000 308.58504244611685863 5205.337186849526006 832.65984354311876814 -3874.4011189403377102 1842.396359674170526 2864.6646028092854976 5983
124000000 310.64557964759256947 5240.0951609713638391 820.2839072232242188 -3807.1632097330393663 1827.6743832451406888 2799.7727337111227826 5990
125000000 312.76984322408895878 5275.9280973371551227 817.53476919303955128 -3917.1719269363375133 1916.258686307226526 2818.4480098221501976 5987
126000000 311.97658138062456601 5262.5470360259441804 707.13751743637726577 -3937.9471697704429971 1867.7432218149156142 2777.3414653919044213 5977
127000000 313.00410592301614088 5279.8797352018782476 656.20659195168536826 -3938.9042659979145355 1839.492003900735881 2755.618854048864705 5981
128000000 312.00492296086952138 5263.0251132535822762 629.75446877560671055 -3944.2339125945027263 1844.1248494139831564 2729.8635319561262804 5990
129000000 309.67293205152168412 5223.6881483002571258 782.63734267581514814 -3962.6996904654947684 1869.2421332245205576 2876.0948999167899274 5996
130000000 314.0668494373798012 5297.8065222280720263 787.45890980318881702 -3896.4939886420042967 1883.5556202272632618 2800.397278217929852 6000
131000000 314.43174484768280763 5303.961725453427789 731.9548019108860899 -3941.9279937638866613 1888.1930736829347097 2785.6897219918378141 5996
132000000 308.27522142825608853 5200.1110007299575955 702.94733405088959444 -3926.1155849230294734 1871.8312190030260354 2757.2316999708932599 5996
133000000 308.88279521597343091 5210.3598008853068677 721.2731509287651761 -3945.7485746671977722 1854.2649824183142755 2812.7567431776483318 5989
134000000 312.35028581597583752 5268.8508334453035786 695.25596524611205496 -3998.5431946846183564 1878.472049904320329 2815.3271100264109918 5992
135000000 311.01038841002792878 5246.2489025854765714 719.97211426602689244 -3926.3774937906109699 1819.5831018446544931 2826.7665062119831418 5994
136000000 308.70645129409712126 5207.3851603552884626 815.52083970963644788 -3850.2158728809768036 1910.2431100962448909 2755.4936024943685879 6003
137000000 319.18944624472931082 5384.2165550772469942 829.26179189401432268 -3898.4112535106683026 1914.0210664142421138 2813.6519789904405116 6002
138000000 309.43476541905710064 5219.6706573071505773 724.94993885137841971 -3929.5548460734244145 1824.0401048989031096 2830.4646800258997246 6003
139000000 313.48816151193796031 5288.0449804695817875 847.62947191513012513 -3817.392614058118852 1832.8861129090869326 2832.1359730641615897 5993
140000000 310.96791214314254148 5245.5323957521432021 861.68127474311438618 -3963.2001991926736082 1940.6041551144071491 2884.277318821380959 5997
141000000 305.92356079391737467 5160.4422389074825333 883.84902358420106339 -3816.3250904927986085 1855.1282735380127633 2845.0458405389863401 6001
142000000 315.14126509016489308 5315.9301996015528857 736.58636682427322739 -3881.1136052974211452 1800.437712904333921 2817.2622592173602243 5998
143000000 313.2682846013216249 5284.3360078949935996 814.41106163197650858 -3875.2502769556758722 1844.9075049932100683 2844.7538335944423125 5989
144000000 316.00361459759807303 5330.4766595450455497 665.80043071685690848 -3993.0406735527794808 1894.8000364614410955 2764.041067808194839 5995
145000000 310.82913628593195199 5243.1914685171450401 849.27371105465067558 -3840.552970111664763 1863.2755341272331862 2826.5511470390824798 5996
146000000 305.37864649065994627 5151.2504042550062877 675.31009974719108868 -3895.751724019070025 1794.2944887908940927 2776.7673349753672483 5997
147000000 317.83580632817609057 5361.3828099955526341 794.69653102822906021 -3971.4306607325415825 1885.0288118150685932 2881.0983799457021632 5994
148000000 312.10018268911738915 5264.6319928415468894 748.87329953635912716 -3911.7568120453929623 1839.2874181184633926 2821.3426934632889242 6003
149000000 314.20491701596051826 5300.1355019329448623 729.5685318804387407 -3969.5485155393198511 1853.4514954911642235 2845.6655519285941409 5990
150000000 307.13852403646671974 5180.9367298165861939 709.24430841781884283 -3974.6767562567556524 1854.5039689582145002 2829.4170957163605635 5997
151000000 315.64922338211380293 5324.498645322352786 669.19659791662900261 -3954.6949218472004759 1853.898452681347635 2769.9930670824819572 5995
152000000 311.04349689155804981 5246.8073898301681766 744.54767810745272527 -3949.5800503370919614 1882.1572171894263192 2811.9705112551182538 6008
153000000 302.41433044407403941 5101.2471233812657374 670.5094200026139788 -3934.0200603975968079 1817.714173472424136 2786.8153069277868781 6012
154000000 308.59758241809458923 5205.5487161639102851 727.20319508733314251 -3918.7449095424944971 1861.1378225086496059 2784.8102821211782611 6009
155000000 313.66252409672284784 5290.9861990049375891 759.06315544430663067 -3859.8460961846603823 1904.4060097118142494 2714.5032419171525362 6013
156000000 319.81104661838378433 5394.7019613519469203 705.57388681432223621 -3964.937158583738892 1839.7861669416017776 2830.7248784564590096 6012
157000000 307.80380249649118696 5192.1589157013095246 747.76769394738039409 -4019.0176560148661338 1944.6914462917293349 2822.0939036705171929 6011
158000000 312.28070929646980858 5267.677188600286172 719.9786166078123415 -3910.7886081467690929 1838.7051533497792661 2792.0620714048027367 6015
159000000 315.99579725954174592 5330.3447935279364174 749.07675821937687033 -3855.4984465669008387 1831.5107326748363903 2773.0644721114413187 6013
160000000 314.23641983973089964 5300.6669042937428458 725.04952553942484883 -3977.6836761216218292 1828.2157418772530946 2874.5174597837931287 6001
161000000 306.38576424804705312 5168.2388735356553298 672.17163133889096116 -4050.1487481796539214 1869.3989624053790521 2852.921417113165262 6007
162000000 311.5031815533178019 5254.5615364508694256 646.96625004038992302 -4019.4743888883676846 1846.2253286804948402 2820.21531024826254 6002
163000000 309.06338207304969501 5213.4060129607332783 622.56524627420856177 -4021.1018164855408941 1780.3486957649190572 2863.318366994830285 6013
164000000 312.72468692040519045 5275.1663825601763165 607.80831852439325758 -4025.5213404527967214 1810.8060980593995737 2822.5235609177902916 6013
165000000 315.97363600762326996 5329.9709685758134583 733.41576098303016806 -3908.2435031122768123 1849.6727208698041522 2791.9865432255028281 6015
166000000 316.15260193369238095 5332.9898381320363114 657.87688432358140744 -3977.5009326728504675 1811.6374853494844501 2823.7403316469476522 6003
167000000 318.21020226377100926 5367.6982719204379464 598.07898249639856658 -4059.7920157259809457 1857.2753396695466108 2800.5956585528329015 6013
168000000 312.79458831162594379 5276.345507472549798 549.88753650323189959 -4084.9806342433512327 1788.1319489234551838 2846.7362218231282895 6014
169000000 311.38797511251397054 5252.6181876555838244 667.37312177657838674 -4030.9285075574071016 1866.1932739655135265 2832.1083553684720755 6015
170000000 312.79478649827126446 5276.3488505649647777 670.43347070499635265 -4005.7193855335567605 1879.6207170621564728 2796.5321391763964129 6020
171000000 315.16435269216441384 5316.3196506011563542 584.39734893569266205 -4010.2235074342747794 1797.4807323863240072 2797.1401239836432069 6019
172000000 306.97506613688983634 5178.179455917607811 698.14323219128846176 -4017.7322269368796697 1925.0973564774753868 2790.7781026506927446 6013
173000000 313.24547936457713604 5283.9513199466082369 694.84741764031423372 -3941.2097348024085477 1829.6709391908746056 2806.3862132518484032 6024
174000000 308.59351235439305583 5205.48006068479026 705.12620259959521718 -3908.9246721330405308 1847.4698082202785372 2766.5810665123576655 6014
175000000 307.40582711849270936 5185.4457062141455026 818.27160697695444469 -3950.5423440268345985 1886.9465454601136116 2881.8674055436754315 6010
176000000 310.95065429300996129 5245.2412833626767679 596.4070170558790096 -4043.5968430754487599 1903.2068957574952037 2736.7969643738324521 6019
177000000 310.22434707017248456 5232.989639646752039 715.05100030432708991 -3976.3238951616131089 1877.8420144065944442 2813.5328810593459821 6022
178000000 314.21659782203869327 5300.3325384897698314 636.43110373153581349 -3979.0794056958452529 1842.1893336728451231 2773.3211757545354885 6014
179000000 312.91836657008713019 5278.4334491517183778 518.11869576382594005 -4101.3890627595919796 1872.7891509187888914 2746.7186076046291419 6030
180000000 312.96591120880543713 5279.2354513291220428 614.58546201519857277 -4025.3714769244379568 1835.2767051955243005 2804.6802337441126838 6028
181000000 311.70524978270009342 5257.9701049943951148 720.71573773654324668 -3980.5861067452874522 1859.7241069988949675 2841.5777374829353903 6028
182000000 315.76480648431083864 5326.4483477942176251 503.69054056333681046 -4041.9653278243686145 1826.8734746108696072 2718.7823937768362157 6018
183000000 315.93480533894984319 5329.3159571662072267 645.90237843114891803 -4037.6479969668735066 1853.703347478402975 2829.8470279196199044 6016
184000000 309.86693369372244433 5226.9606463917152723 781.19141300371791203 -3966.4997598149238911 1876.544243097666822 2871.1469297209755496 6024
185000000 300.31743377777206661 5065.8758231148622144 746.73218892236263855 -3981.193901849762824 1877.6350892154125631 2850.2910015567131268 6025
186000000 309.63524432941721898 5223.0524165752094632 719.98930898321532368 -3981.7050120089793381 1879.170035870016136 2822.524285122179208 6024
187000000 312.66678886487738964 5274.1897347644953697 659.75728821349480313 -4032.2244077050058877 1886.4280775889258166 2805.5536183295748742 6028
188000000 316.14329371249044698 5332.8328232956018837 761.14280129022756682 -3986.3353667547712575 1921.5170030682081688 2825.9611649767907693 6024
189000000 309.64506986757578488 5223.2181577231021947 567.1416248236505453 -4075.1296670558467667 1838.8917530374669695 2803.3795388420303425 6024
190000000 309.18422238624799547 5215.4443961920642323 695.97339797711117626 -4001.9964851314384759 1863.5587854354494084 2834.4110976731003575 6024
191000000 315.17202018322706181 5316.448988938626826 551.56406177358235254 -4117.1978493425885972 1879.178436553652773 2789.5834745625184041 6028
192000000 309.35955390842440238 5218.401959154861288 607.04272696162331613 -4039.5871141112479563 1815.9461611946433095 2830.6836798782273945 6027
193000000 314.41683196905984232 5303.7101689909250126 547.05789554612272241 -4105.6399733099488003 1867.1737298423806806 2785.5241390136907285 6022
194000000 312.42186257364767243 5270.0582191159437571 621.3110168622921492 -4125.3403116372201112 1895.2027502247647135 2851.4485782747478879 6028
195000000 309.42528551666765679 5219.5107464830734898 560.44040681257922643 -4064.9533235339895327 1827.8936815287586342 2797.5000488178102387 6038
196000000 312.25775518992543311 5267.2899894559623135 631.21434641010819178 -4050.9357494426744779 1893.5742981411137862 2788.5757977116686561 6035
197000000 315.08734017266743876 5315.0205723036051495 585.37892381030678735 -4071.7180434127899389 1853.6139118201897418 2803.4830554029072118 6029
198000000 313.67717308854946623 5291.2333041183301248 525.74458813473279406 -4109.1412338593581808 1865.4397569210086658 2769.4460650730825364 6023
199000000 319.4130038680870598 5387.987615401633775 607.14765401039983317 -4036.4196345420273246 1861.2644665830803206 2782.3028219693464962 6030
200000000 315.23555062319786657 5317.5206460709869134 578.83653522643248834 -4033.7113964536483763 1858.045177212155977 2754.502754467925115 6027
201000000 316.0338718379312013 5330.9870509011170725 608.57011816479848676 -4089.9027980006858343 1878.6075117322168353 2819.8654044332679405 6035
202000000 307.63682954011181891 5189.3423484038466995 425.51302425190448275 -4135.2569996240736145 1824.1981013117931525 2736.5719225641851153 6029
203000000 316.32786018990856292 5335.9461652150121154 797.65943273733603291 -4051.6261328170739944 1957.4336862728277993 2891.8518792815830238 6034
204000000 319.50639471076169684 5389.562969872582471 680.28534545502589026 -4057.1289371242210109 1924.7709162043004198 2812.6433663749462539 6035
205000000 312.95690693463109255 5279.0835635939647545 713.11805609323039334 -3988.4477090464879439 1875.4239613136567186 2826.1418038260608228 6030
206000000 312.41326738189758316 5269.9132319484187974 634.55992732431309378 -4042.1001295902810853 1889.9211869387270326 2786.7388699758671464 6028
207000000 316.78883336512831193 5343.7220470014090097 509.21704747133782121 -4127.900783488066736 1826.2395414504853761 2810.8782895089188969 6026
208000000 310.96302108593903313 5245.449891422890687 614.54314665367155612 -4083.9619934055031081 1865.164054770659277 2833.3410852885153872 6030
209000000 311.8580406606367319 5260.5474432620912921 645.5817957035786776 -4021.6890271161341843 1911.2122802392545964 2756.0585425804583792 6028
210000000 311.51982068786628588 5254.8422120958575761 645.81977406857640744 -4029.1057167441117599 1842.8993376545879528 2832.0261531580999872 6034
211000000 314.3659256191338045 5302.8514601104934627 604.45202982733371755 -4096.3043831148306708 1851.4576216698660573 2849.2987912722978763 6040
212000000 305.93141763545702361 5160.5747712853108169 538.52905350098171766 -4090.2885510667338167 1828.6654631259475536 2800.152141441767526 6037
213000000 312.13237322952647901 5265.1749958844939101 765.89434311446996162 -4006.3935553579481166 1932.2628110377875146 2840.0250874346306773 6043
214000000 307.87775882398392469 5193.406440917207874 684.29736567277791437 -4084.3816795062766687 1929.519465908148959 2839.1595792709058514 6037
215000000 309.66255540919257783 5223.5131109045287303 595.61811108535448511 -4048.1389709571753883 1827.0442900202301644 2816.7127920223001638 6039
216000000 313.05709950640675743 5280.7736523797848349 682.39759993983352615 -4114.7467142627901922 1921.572415933736238 2875.5718982688872529 6051
217000000 310.09667849276354445 5230.8360744955989503 541.48975620943099329 -4110.8684414399658635 1856.0901932406147807 2796.2680044087819624 6044
218000000 317.93311686386618931 5363.0242834321288683 570.92922813454288189 -4126.0515924163937598 1850.8756144622866486 2846.1052060886504478 6050
219000000 313.78933040626395723 5293.1252190732757299 569.63815211626342716 -4078.8300656879564485 1858.5250484155096729 2789.9431693887099755 6043
220000000 312.52552025714584261 5271.8067588064568554 624.24180317373838989 -4067.4418145268227818 1878.3029428872516746 2813.3806748133092697 6048
221000000 311.56928435047734638 5255.6765851437085075 489.05572410212795376 -4173.7535473881735015 1838.0299135336028939 2824.7793579566982771 6052
222000000 317.24129978255666629 5351.3544333600311802 590.60593370312540173 -4097.7452495175621152 1889.7032914617211645 2798.6478917589665798 6047
223000000 311.05599116456500042 5247.0181482758471248 563.11176142630267805 -4103.4160518009357475 1842.1544231362918254 2824.3733900909464865 6045
224000000 308.8967833030214365 5210.5957575898401046 692.80994603443787128 -4034.9894389426858652 1897.9069186298022487 2829.8924663473212604 6043
225000000 312.19139491114503926 5266.1705974591004633 547.88979749053669366 -4095.7127719989457546 1875.8898364921706161 2767.7127329973127416 6040
226000000 309.35268655236359336 5218.2861178179146009 596.70676323090697224 -4113.6942848818489438 1876.6545458965838407 2833.7465022161723027 6038
227000000 316.92510711694092151 5346.0207677115213301 677.55874530991968641 -4039.4766604932287919 1878.9713360724044833 2838.064069730743995 6041
228000000 307.11413298171424913 5180.52529164925636 630.78366043424011878 -4086.1028438992539122 1860.4905657760893973 2856.3959385574044063 6041
229000000 311.8231773021913682 5259.9593540444948303 539.97812735801653616 -4130.9008357860420801 1887.730261988818711 2783.1487011552399053 6050
230000000 314.73749303460567717 5309.1192094150146659 508.29297661470394587 -4175.4957211949067641 1814.9877880585941057 2868.8009097510162064 6050
231000000 309.31064662366009088 5217.5769713133458936 525.36480699334379096 -4158.359971728265009 1857.9726525424971442 2825.7521261791107463 6041
232000000 315.19224133448068415 5316.790087488793688 530.74815937074799876 -4175.4536306509726273 1835.7078032155457095 2870.4939868061755988 6057
233000000 311.36092182101356229 5252.1618418030520843 519.75450765872926695 -4138.4243388330141897 1813.6529235305658858 2844.5259229611774572 6047
234000000 310.24217069867734153 5233.2902958144177319 695.14945855640507943 -4059.2013114785531798 1894.1374911754087407 2860.2132788595490638 6040
235000000 311.73317118348808208 5258.4410944651699538 665.92212452608646345 -4087.4382400390732073 1897.8393122836951079 2855.5210522814650176 6044
236000000 313.90000307685426151 5294.9920904006257842 588.62024040004473591 -4095.0423630193872668 1876.6156564214293212 2807.0469469980025679 6049
237000000 315.06920193877050451 5314.7146092450620927 440.40552280590384271 -4190.7314309945886635 1824.3648399323355989 2806.7721138681572484 6052
238000000 309.78606581117037422 5225.5965342723029607 424.39079405513922438 -4146.1637340051584033 1819.026081445900445 2751.5284466143975806 6048
239000000 312.58868245000758179 5272.8722041977816843 504.69139228813497766 -4072.1964855340320355 1814.7214095596025345 2762.1664682625646492 6062
240000000 315.1240597502354035 5315.6399729754102736 554.41126091654382435 -4094.7418375255515457 1867.9475867438100067 2781.2055116982851359 6061
241000000 318.87354212533847431 5378.8877567430527051 683.11410415005730101 -4018.6097184489403844 1905.4000849893857321 2796.3237376096121807 6050
242000000 314.16018671981646548 5299.3809732232848546 561.39254175219741683 -4115.3686717879254502 1864.3118883915867627 2812.4493251485355358 6052
243000000 307.18312206213124682 5181.6890273343515219 504.35102587163152066 -4127.6598022943435353 1800.4372059148299741 2831.5736222511450251 6053
244000000 309.72473041182701081 5224.5619039722032539 418.82876341644811191 -4226.9229503481483334 1843.3192708244337155 2802.432442940162673 6052
245000000 315.31768368188664908 5318.9060996926964435 549.73761240183728205 -4196.4624301631183698 1929.8169594866790248 2816.383083078276286 6056
246000000 317.86236913387881486 5361.8308821354576139 491.31133739621242285 -4188.4918722886504838 1889.7052739738210221 2790.0979357110418277 6064
247000000 314.39956241055170949 5303.418859099848305 431.75013558809860115 -4196.2291864224498568 1835.0512827013467358 2792.9280393092021768 6068
248000000 312.10285747483345631 5264.677112207814389 497.20406552769600239 -4127.6225955524278106 1825.3554400672696829 2799.4712210128536753 6069
249000000 311.86201034496235707 5260.6144055013382967 446.0277409595496465 -4153.7488199792842352 1862.8406785206925633 2736.9358824181417731 6067
250000000 310.76326656882679345 5242.0803515128445724 553.26944825100281378 -4203.7592869714699191 1919.3584544844381981 2837.6702807380343074 6071
