# Steps Temp KinEng PotEng Epair Ebond Eangle Bonds
251000000 312.63624026554555257 5273.6744286471030136 449.29966758328714604 -4210.8371674601949053 1885.9935075266337208 2774.1433275168483306 6083
252000000 314.56513055604654028 5306.2117294796635178 573.70145716434922178 -4153.8852101911124919 1918.3823336011046194 2809.2043337543573216 6091
253000000 308.64075378696065854 5206.2769482583253193 538.19107882243156382 -4089.4202732891981213 1843.426725298735164 2784.1846268128942938 6089
254000000 310.39316906337285218 5235.8373972444560422 577.40185121140825686 -4139.6303939824365443 1948.6048037924108485 2768.427441401433498 6091
255000000 316.86659004270285322 5345.0336780581064886 429.07016995154663164 -4182.7774278730712467 1860.0851775399953567 2751.7624202846222943 6091
256000000 313.40418543456365796 5286.6284380639708615 521.09392823021744334 -4203.4957128629484941 1884.4616841113379451 2840.1279569818279924 6098
257000000 300.66475579755410763 5071.7345912879791285 513.61338536983248559 -4117.5425322725532169 1866.4281184004285024 2764.7277992419576549 6093
258000000 308.28536746323050011 5200.2821481476448753 410.1857376430189106 -4174.0843017093238814 1812.6088580340256158 2771.6611813183171762 6092
259000000 315.27822602779156114 5318.2405120396497296 468.38035785041302006 -4165.5031842045436861 1814.1197252460401614 2819.7638168089160899 6100
260000000 310.58805101004503513 5239.1247446674460662 519.75330503826307904 -4182.557931347811973 1907.0008905715146739 2795.310345814559696 6089
261000000 312.41154771199194329 5269.8842238615779934 575.50488681047374939 -4206.2201930631299547 1915.3498441054066461 2866.375235768197399 6087
262000000 309.75065667090223087 5224.9992385863843083 591.65543338413465335 -4174.9116786314425553 1915.1888402072283952 2851.3782718083493819 6096
263000000 308.32058647856956668 5200.8762367294357318 528.52420206575970951 -4174.5902781733875599 1907.1391678050244991 2795.9753124341223156 6101
264000000 316.34416960216719872 5336.2212789711829828 558.4497798529624788 -4139.8260792818027767 1876.0795879306376719 2822.1962712041272425 6091
265000000 315.50613689124276107 5322.0850045769593635 613.88374422204913117 -4093.0485159011604992 1876.5803745769680972 2830.3518855462411921 6096
266000000 311.11340102280428255 5247.986560962398471 490.0993471806612547 -4120.3787293674158718 1841.7812510286353245 2768.6968255194424273 6092
267000000 312.33119528503192441 5268.5288066553739554 536.35831960443624666 -4184.6908909134035639 1863.5154776322199268 2857.5337328856203385 6089
268000000 313.6909318682858725 5291.4653927744739121 433.65159945603045344 -4209.3979304377216977 1855.0887454626708859 2787.96078443108172 6102
269000000 315.19400456559554868 5316.8198303837125422 464.58521955947196602 -4282.6589131223254299 1936.3975947310859738 2810.8465379507115358 6106
270000000 306.70318998476329853 5173.5933391257385665 505.02960412862864814 -4134.8347613505675326 1852.4094507701549901 2787.454914709041077 6085
271000000 317.2050736406410465 5350.7433561601937981 596.55679338302070391 -4129.3005269570621749 1887.2411629793523389 2838.6161573607305399 6100
272000000 310.24500255997855902 5233.3380647951253195 494.09669242804011446 -4248.156639369613913 1916.117963091488491 2826.1353687061655364 6085
273000000 312.25064523585837151 5267.1700558778184131 486.8822472024525041 -4205.8372577302270656 1861.2747044249585997 2831.4448005077201742 6095
274000000 309.5886592340038419 5222.2666003619997355 505.79806718450311109 -4191.2860642760142582 1897.1429341543180271 2799.9411973061996832 6086
275000000 314.5108183525755976 5305.2955692854238805 645.3423063895256746 -4124.985359692676866 1931.8484070359106681 2838.4792590462920998 6084
276000000 308.71625516444788673 5207.5505360018441934 534.7425112004402763 -4194.6866641023871125 1891.2892141369313777 2838.1399611658962385 6098
277000000 311.07924653310664098 5247.410429229273177 553.30134040064876899 -4172.488779145333865 1839.3478133609373799 2886.4423061850452541 6098
278000000 309.84478139108807682 5226.5869723997320762 512.3661867234723104 -4137.3301293545600856 1841.0444160600970918 2808.6519000179355317 6103
279000000 313.36966592187485503 5286.0461489755343791 531.97973116648904579 -4185.1408625681442572 1899.1740065342646631 2817.9465872003693221 6104
280000000 312.50370815092259136 5271.4388233850004326 563.58481441731794348 -4191.0473680191971653 1903.0383770550047302 2851.5938053815093554 6108
281000000 311.12861738893167285 5248.2432367747569515 459.01318608401675192 -4194.898581506426126 1853.2572170474481936 2800.6545505429944569 6099
282000000 307.9977267939336798 5195.4301091101324346 536.83360709899227459 -4206.385027807276856 1926.1460707328544686 2817.0725641734147757 6104
283000000 310.19770327248346575 5232.540201301295383 519.27846165361575004 -4130.1261224067484363 1895.5406614173793969 2753.8639226429845621 6099
284000000 315.13067164968271072 5315.7515051669770401 431.98273806131885522 -4212.1365182151312183 1809.4104216445264228 2834.7088346319237644 6105
285000000 312.25778962955240559 5267.2905703975056895 587.72520779260935342 -4192.4126352082994345 1993.7828896424282448 2786.3549533584809978 6107
286000000 316.57211495397638146 5340.0663532720509465 607.14453742754085397 -4095.7943339674638992 1875.6163921757074604 2827.322479219296838 6103
287000000 310.57619846644695372 5238.9248111727411015 545.68491641178411555 -4234.8482662909627834 1925.270134149450314 2855.2630485532954481 6102
288000000 313.55367780585095261 5289.1501357886681944 569.58573611327847175 -4110.1375729011133444 1867.3738419597939355 2812.3494670545978806 6092
289000000 314.08838951471182099 5298.1698689562708751 575.41548980566267346 -4056.1804213614650507 1860.3188759315937659 2771.2770352355337309 6101
290000000 308.77473958449240854 5208.537074831127029 510.04404567876628107 -4118.7886960500927671 1886.24784803910552 2742.584893689753244 6109
291000000 310.86791202794722722 5243.845553401687539 457.88503482253992161 -4228.7660677612666404 1822.1283116572476501 2864.5227909265586277 6113
292000000 312.03842821569543275 5263.5902934305531744 564.98671949440415574 -4102.9175596488912561 1904.0749099302777267 2763.829369213017344 6095
293000000 301.23193946253690001 5081.3020745324847667 566.99657205490188971 -4157.6679969230299321 1930.0550618886022676 2794.6095070893297816 6106
294000000 312.8547632250366064 5277.3605622270151798 711.41034424328199748 -4060.6726392868758921 1976.2099877969521913 2795.8729957332061531 6102
295000000 312.33966983929337857 5268.6717588609944869 561.98174929275876366 -4155.4272920272951524 1924.1673093822721512 2793.2417319377818785 6097
296000000 309.06393944379323102 5213.4154149156538551 491.13518771814233332 -4170.0210797154977627 1844.2308376839027915 2816.9254297497373045 6108
297000000 315.89202272514074821 5328.5942827491780918 512.94659224348322368 -4165.4380901348431507 1891.3711795635940689 2787.0135028147333287 6105
298000000 311.00085893572446594 5246.0881555623227541 488.05209034483289088 -4211.5071277505248872 1901.7370504383393381 2797.8221676570178715 6106
299000000 316.64994424540924456 5341.3792092086514458 537.46777207003640342 -4198.5887140568684117 1934.7531914937217152 2801.3032946331836683 6102
300000000 317.46282556241988004 5355.0912197273391939 525.70023343354318968 -4225.9402612458034127 1893.060910435143569 2858.5795842442030334 6113
301000000 314.78010427222869794 5309.8379929892880682 488.28265103297781025 -4252.3825588761765175 1861.9534515347788783 2878.7117583743756768 6109
302000000 313.34127094922155266 5285.5671711031782252 369.21953473150512082 -4252.9659581544774483 1822.132215242625989 2800.0532776433565232 6107
303000000 319.46198114065254003 5388.8137838256589021 499.54281139079660079 -4246.0550560567789944 1907.4464422399300929 2838.1514252076453886 6109
304000000 311.67273673649975763 5257.4216617934453097 579.97312558816429373 -4163.933443809707569 1932.6951547677833787 2811.2114146300882567 6110
305000000 310.49038360132271919 5237.4772513523603266 512.38754780741533068 -4189.6835095578317123 1915.8507000032659562 2786.2203573619808594 6104
306000000 312.59847078742677695 5273.0373178285717586 502.2191278738750384 -4201.8335164097798042 1929.5065755730513501 2774.5460687106037767 6102
307000000 308.91275955016016042 5210.8652513821452885 564.93740939012252511 -4204.218054575012502 1876.2288353379226464 2892.926628627212267 6103
308000000 317.9631803729473063 5363.5314068511597725 587.58501514897773177 -4122.118589916593919 1893.8415965921963107 2815.8620084733747717 6112
309000000 316.56049403306849399 5339.8703268824765473 552.43891349434215954 -4209.6639586525034247 1934.6737533967379932 2827.4291187501080458 6115
310000000 308.52677348905586996 5204.3542825369122511 582.71539644279300774 -4150.3511528908411492 1893.1812943790200734 2839.8852549546136288 6117
311000000 311.1097733664170164 5247.9253681886202685 549.67307250536532592 -4041.9687483791631166 1837.8713314616991283 2753.7704894228299963 6099
312000000 311.11328221076990985 5247.9845567929942263 574.98694678845345152 -4145.6757677010973566 1924.9908995262876488 2795.6718149632624772 6115
313000000 317.36737626534949186 5353.4811424158760929 460.24909978499977115 -4143.4245084178328398 1884.6131339390742596 2719.0604742637583513 6114
314000000 316.92590035613869759 5346.0341483908359805 600.69428652420572234 -4118.3539885217642222 1889.0647553769003935 2829.9835196690696648 6111
315000000 317.27843718600507827 5351.9808820876187383 717.09781027859742153 -4109.878038440754608 1975.3258887261176824 2851.6499599932349156 6114
316000000 310.60379556305997539 5239.3903301496502536 554.88781835401391618 -4123.4941527854298329 1867.7972297021256054 2810.584741437318371 6113
317000000 309.93002917900832927 5228.0249665326964532 457.51007566669517246 -4226.6819264381247194 1868.2880300230624471 2815.903972081757729 6108
318000000 316.54713686054788013 5339.6450126991267098 494.65052835424262412 -4189.2693434872207945 1890.5187761283600594 2793.4010957131040414 6109
319000000 309.50413965926458104 5220.8408900232243468 529.93089875448811199 -4150.3825475192134036 1908.2763782982606244 2772.0370679754405501 6114
320000000 315.87332730556721572 5328.2789208574986333 591.83342761358858297 -4097.133014110098884 1896.3247319768022408 2792.6417097468852262 6117
321000000 312.9627610141636751 5279.1823125729961248 497.82492040640329378 -4135.6801880961011193 1889.4560649748432297 2744.0490435276615244 6120
322000000 318.61521384410087876 5374.5301709116665734 591.67397287044457244 -4074.8553285345278709 1828.3573123722524087 2838.1719890327199209 6116
323000000 309.42548083215831412 5219.5140411436914292 560.35760705187988151 -4056.7893383576520137 1867.897456861941464 2749.2494885475903175 6107
324000000 312.84101182018969212 5277.1285979734866487 593.0249978276812044 -4084.018129569087705 1910.1582907233232618 2766.8848366734464435 6108
325000000 310.72844649325890032 5241.4929924083144215 517.02287291003858627 -4169.6601575324175428 1844.8233777197056042 2841.8596527227500701 6115
326000000 311.96443924460714925 5262.3422175692940073 425.24943381741564963 -4179.4409036961042148 1852.8003050231604902 2751.8900324903597721 6119
327000000 311.99570409609060562 5262.8696057173974623 550.98352804677745098 -4148.8534803290440323 1878.4906078768294719 2821.3464004989918976 6122
328000000 315.44151035495224278 5320.9948580489763117 601.20044581288175323 -4083.3554135383233188 1884.6561324044678258 2799.8997269467372462 6118
329000000 317.66909663519254536 5358.5706835314285854 478.75988515810990975 -4216.9929758882062742 1900.8099590238152814 2794.94290202250113 6115
330000000 307.90479724904378145 5193.8625359966135875 600.42141124976512856 -4207.0602324810934078 1947.4360737329141102 2860.0455699979447672 6118
331000000 313.64042175541709412 5290.6133677808338689 448.16915333292149626 -4162.7492625757322458 1813.591289402521852 2797.3271265061321174 6119
332000000 311.80939978232760268 5259.7269492723098665 602.2215396126127871 -4149.0655564256912839 1903.252923030393049 2848.0341730079107947 6119
333000000 310.78239752145600505 5242.4030601520944401 581.44498179457195874 -4129.4459775841878582 1904.7831882895916351 2806.1077710891686365 6112
334000000 311.6562400428691717 5257.1433888994170047 494.0182862980454388 -4195.3164926656290845 1884.2818947526766351 2805.0528842109974903 6113
335000000 313.56525088601853213 5289.3453551813036029 599.44517662327530161 -4184.7118219348994899 1989.0054339729063031 2795.1515645852687157 6112
336000000 306.05709926464834325 5162.6948197910569434 573.56423761274004391 -4163.1278607707790798 1920.316869627383312 2816.375228756136039 6117
337000000 308.53204804947500861 5204.4432559533688618 559.42444430774401098 -4152.7452849061064626 1882.770516715889471 2829.3992124979608889 6119
338000000 312.17729335503844368 5265.9327267126373044 566.7123129479535919 -4193.1334214601838539 1900.2327737272751165 2859.6129606808622157 6114
339000000 314.76289479423456896 5309.5476965605985242 590.6648553736207532 -4156.7331509797595572 1955.7527116736084736 2791.6452946797717232 6115
340000000 309.54439056689625431 5221.5198585974585512 516.16553651949607229 -4146.81059799884315 1899.2849373541878322 2763.6911971641516175 6120
341000000 306.91516813761404592 5177.1690722626626666 545.16874646513929292 -4140.362308488223789 1870.6909103636903637 2814.8401445896729456 6117
342000000 309.7765856484586493 5225.4366190570044637 588.37834296008190904 -4150.5347855398722459 1922.5995820336695488 2816.3135464662846061 6119
343000000 315.10361406862466538 5315.2950869564529057 691.91878184636016158 -4070.6018514086449613 1910.866696289668198 2851.6539369653369249 6113
344000000 309.09713456502828421 5213.9753636338973593 598.8012329624909853 -4083.152772981605267 1877.8813890555031776 2804.0726168885930747 6121
345000000 312.43906701121903779 5270.3484305207448415 616.25355448051379881 -4117.794279315784479 1897.4121126755690057 2836.6357211207291584 6119
346000000 312.97198296834574194 5279.3378722224815647 616.81197372263795842 -4102.3885924048172456 1887.9718206228467352 2831.228745504608014 6120
347000000 307.54384610181563176 5187.7738661945750209 630.47553482619400711 -4082.9134195116084811 1845.9693539373679414 2867.4196004004347742 6125
348000000 313.24498874878702281 5283.9430440412161261 716.93914140349511399 -4060.0676876651114071 1937.1056397651700536 2839.9011893034362402 6121
349000000 310.64948592163233343 5240.1610535802865343 612.64486816790736157 -4109.4906690782772785 1884.4220383080034935 2837.7134989381811465 6122
350000000 309.25086960971947292 5216.5686284879211598 563.42047490809295596 -4169.4065953991030256 1936.0346976747698591 2796.7923726324256677 6114
351000000 307.75398292479303564 5191.318539035163667 604.09972823362613781 -4088.223427161444306 1851.0093228043110685 2841.3138325907593753 6110
352000000 308.91019637207358528 5210.8220146584699251 485.32472918830751496 -4186.6357676066081694 1851.3960042707099092 2820.5644925242058889 6124
353000000 311.82496085947593656 5259.9894398094584176 668.65282947420428172 -4123.8308503288299107 1898.1070887711950945 2894.3765910318388705 6121
354000000 308.9858917880983995 5212.0988755224470879 601.8281122250516546 -4098.4257590777588121 1866.0809332101432574 2834.1729380926672093 6123
355000000 313.15913990121981669 5282.4949109912549829 592.81299199802390376 -4117.8234331046187435 1898.1895627373153275 2812.4468623653274335 6127
356000000 311.72711406940550205 5258.3389206173087587 545.76459634142497634 -4161.7893594232718897 1843.5233283399388711 2864.0306274247577676 6119
357000000 311.70557017973635539 5257.9755095810669445 547.2381478314961214 -4142.9860150286303906 1895.3423608734631216 2794.8818019866635041 6125
358000000 314.79533363707435001 5310.0948880692794773 590.25348761668601583 -4149.534201398559162 1914.0120535564351485 2825.7756354588100294 6129
359000000 315.74900704251450634 5326.1818364258697329 620.9707742098437393 -4136.6127246143632874 1870.8661528330035253 2886.717345991203274 6114
360000000 309.03764167187853218 5212.9718134727781944 460.23178964700110782 -4270.3191427081128495 1889.7993837471447023 2840.7515486079687435 6125
361000000 317.12630038793110998 5349.4145771033417986 673.14401971804159075 -4150.6562921239101343 1930.0030000786512119 2893.7973117633005131 6115
362000000 309.25894824836080943 5216.7049022288829292 675.77632697790556904 -4083.2835583878040779 1918.9850472833338699 2840.0748380823752086 6117
363000000 307.21995366196438226 5182.3103176429904124 467.36672311635845745 -4232.2925259494186321 1883.4481200387731405 2816.2111290270040627 6128
364000000 308.53659928610187535 5204.5200280518229192 647.12058653405551922 -4117.4231931439762775 1933.9762846265512053 2830.5674950514803641 6127
365000000 309.52833245392781691 5221.2489838592573506 556.02011057680465456 -4118.1135082000291732 1851.7143946924738884 2822.4192240843599393 6124
366000000 316.1457004051372337 5332.8734203596477528 588.16976332683020701 -4156.7885683872209484 1955.5150530821799748 2789.4432786318707258 6121
367000000 315.11931076379039496 5315.5598651531181531 518.6893855936905311 -4154.389074720548706 1864.5540909109536187 2808.5243694032856183 6116
368000000 310.35453186695480099 5235.1856494030307658 541.04316811711339597 -4194.2269502434055539 1886.7091746253643123 2848.5609437351545239 6120
369000000 312.9645398155051339 5279.2123181127890348 630.89883255654990535 -4151.9208013627694527 1920.4944467147724936 2862.3251872045470918 6119
370000000 310.72513514978868443 5241.4371353286342128 488.41648868538197803 -4168.0052309759676064 1866.2775919605969648 2790.1441277007525059 6111
371000000 316.23620062086598637 5334.4000145672489452 586.40252311194410595 -4106.1167673355648731 1871.7741540131360125 2820.7451364343733076 6119
372000000 312.17315993119626683 5265.8630024490630603 571.54940038691972859 -4104.0763379182608332 1838.0511932651374991 2837.5745450400436312 6128
373000000 313.94333373210935179 5295.7230094022143021 643.8043009401379777 -4074.8322818704014026 1892.2729390366350799 2826.3636437739041867 6125
374000000 316.6103671159966666 5340.7116061976730634 621.26563063764069739 -4174.3115238686568773 1925.8406444446723071 2869.7365100616252676 6128
375000000 308.3301019737872366 5201.0367479477217785 585.22666162337804963 -4119.7377213737727288 1923.6747858102528426 2781.2895971868983906 6124
376000000 309.6361962800638139 5223.0684744633736045 648.88514958978350933 -4085.3588454940158954 1898.5155555839528461 2835.7284394998468997 6125
377000000 319.51714234897639244 5389.7442653768184755 494.34241862841940929 -4162.0562683818188816 1863.3223035734058612 2793.076383436832657 6130
378000000 302.12311791227250524 5096.3348327237308695 545.313063485978887 -4166.6220252840121248 1905.0135312425045413 2806.9215575274856747 6129
379000000 308.42773834827238488 5202.6837177647548742 497.35649140849017158 -4199.5475017477820074 1901.1376697266991869 2795.7663234295732764 6122
380000000 314.92288909213380066 5312.2465450269310168 485.03095995844199706 -4200.6378756805843295 1947.342443218017479 2738.326392421008677 6121
381000000 315.10423107026542766 5315.3054947894434008 552.74862032195437678 -4155.4179378082935727 1884.4359353985928465 2823.7306227316557852 6116
382000000 314.77726619845981304 5309.790119214166225 585.55301656726146575 -4151.5677039012525711 1935.8857831808136325 2801.2349372877006317 6128
383000000 310.25645458955978029 5233.5312422575570963 542.09696581482671718 -4149.2607951798436261 1867.5440939947579864 2823.8136669999125843 6127
384000000 313.30420713801930788 5284.9419637593355219 706.39944598916179075 -4110.6687615936298243 1974.0164525149968995 2843.0517550677941472 6125
385000000 305.62562318167465492 5155.4165068756428809 677.98742767562350764 -4115.7139581532655939 1924.2795166850296482 2869.4218691438591122 6122
386000000 314.08561358667560626 5298.1230434804783727 597.88618039002972182 -4145.3934286615194651 1878.6289540941970699 2864.6506549573514349 6128
387000000 312.21323141455042105 5266.53894442208275 488.74498839491917579 -4193.7049276530160569 1853.5888518349029255 2828.8610642130324777 6124
388000000 320.40276822942553281 5404.6833605856963914 628.39610096495164271 -4174.1767972221850869 1884.8971277754951643 2917.6757704116421337 6137
389000000 302.78225144784073564 5107.4533635397274338 556.50130129291255798 -4218.3126016656933643 1909.4620860347758935 2865.3518169238300288 6137
390000000 317.62995322153801681 5357.9103966131096968 518.38449979822780733 -4122.8714858477069356 1847.3087054020722917 2793.9472802438626786 6137
391000000 309.38826732237777151 5218.8863086237406606 498.46791297690310785 -4241.4041941866180423 1877.7209167641553904 2862.1511903993659871 6121
392000000 304.86262431222826308 5142.5459336386165887 528.22244528344026548 -4168.8795683080061281 1893.9932235339797444 2803.1087900574666492 6123
393000000 312.94187058527620593 5278.8299243772644331 721.54814367063090685 -4096.9433665265732998 1967.4873031449510563 2851.0042070522531503 6116
394000000 310.39659840049750983 5235.8952446887778933 473.52379030330814658 -4221.356996345853986 1910.9955728114209705 2783.8852138377415031 6126
395000000 306.83216780653049227 5175.7689891397567408 516.12093177665724397 -4253.0537887536129347 1910.2609943856241443 2858.9137261446467164 6129
396000000 312.96592320930960796 5279.2356537584746548 423.34683571284949721 -4216.3846666494309829 1848.3366315936193587 2791.3948707686604394 6136
397000000 314.29964520080284274 5301.733415231962681 455.32688425808839838 -4237.3240790630170522 1910.324003861901474 2782.3269594592047724 6133
398000000 305.62619998536416688 5155.4262366333477985 530.09217145392722159 -4211.8028634401243835 1920.4956415511751402 2821.3993933428760101 6136
399000000 310.08054524442292177 5230.5639323435807455 500.85604246867455913 -4225.0801566495101724 1936.8006251681115373 2789.135573950073649 6129
400000000 310.1918665831478279 5232.4417456671335458 550.4516445056201519 -4137.8983932191777058 1852.7026220725433632 2835.6474156522544945 6129
401000000 311.00913083070923904 5246.227689229374846 680.39943329040568187 -4013.5275211953089638 1908.4372609713000202 2785.4896935144147392 6133
402000000 311.59138382235892095 5256.0493679652063292 619.9909867869153004 -4134.7528054707872798 1920.4284967269322806 2834.315295530770527 6136
403000000 312.15376781951528073 5265.5358884734005187 577.08716640387251573 -4107.937921729710979 1864.3170061832486226 2820.7080819503353268 6131
404000000 314.55681081578632075 5306.0713887391721073 622.58963589982408848 -4075.2499079145318319 1918.8251616551719962 2779.0143821591836968 6133
405000000 316.17501457308611634 5333.3679035896711866 593.2254391311555537 -4044.3461097052786499 1860.4421055015327511 2777.1294433349012252 6134
406000000 310.07444763811116673 5230.4610754564355375 584.93759101458545047 -4147.4588506894142483 1967.4934236964199954 2764.9030180075797034 6139
407000000 311.63592001062045256 5256.8006223846705325 587.95844916294640825 -4139.8823687165531737 1922.1480461985529473 2805.6927716809473168 6140
408000000 317.82370824873976289 5361.1787347031140598 554.77053497033557505 -4152.0662889500517849 1896.2146990151366026 2810.6221249052509847 6135
409000000 311.65717922962545572 5257.1592314811223332 600.79216959576274348 -4179.6551994973860928 1912.2988640487974408 2868.1485050443516229 6140
410000000 307.98941757356976723 5195.2899458235024213 645.76573549503700633 -4134.8723519257309817 1935.0766286007035433 2845.5614588200642174 6125
411000000 312.04979829172077643 5263.7820884672883039 532.38234272513398082 -4184.7917451941284526 1898.0697736637043818 2819.1043142555581653 6133
412000000 311.81063413713195587 5259.7477708679189163 549.07421664919399973 -4103.4499569588324448 1831.9357557409550736 2820.5884178670712572 6131
413000000 314.68542534312825865 5308.2409105560282114 579.88382754201757052 -4124.8379156689952652 1877.1465503201980027 2827.5751928908143782 6124
414000000 311.58466790550966152 5255.936081166072654 569.55785741148065426 -4142.9566058556847565 1916.3113969378603088 2796.2030663293048747 6117
415000000 312.25387979639810965 5267.2246177520019046 560.9170334509786926 -4149.5854992384511206 1919.11966913391052 2791.3828635555191795 6130
416000000 310.6518961738742064 5240.2017106890198193 526.7544824884935224 -4188.6966957699823979 1900.3387750420920383 2815.1124032163843367 6129
417000000 311.28977518062492891 5250.9617115245437162 455.76323148617962033 -4153.0265316193854233 1854.9251534518930384 2753.8646096536722325 6116
418000000 308.4154976483032442 5202.4772366915394741 567.85706503851156413 -4094.7245815253354522 1889.1900535413592479 2773.391593022487541 6130
419000000 308.95989560353797287 5211.6603613769266303 574.13493924491717735 -4127.0936928293813253 1915.3894591705877701 2785.8391729037107325 6133
420000000 311.40730734586975359 5252.9442915794616056 521.42702513858387192 -4195.3637139306174504 1926.7077077602752979 2790.083031308925456 6132
421000000 309.36150768437425995 5218.4349162370517661 548.1089408198606634 -4123.1530213890564482 1886.4762929860789882 2784.7856692228388056 6136
422000000 312.3741932699090853 5269.2541140386047118 546.92983482082331648 -4147.704315465091895 1879.2351844108688965 2815.3989658750465424 6132
423000000 315.05981731554419412 5314.556305628408154 570.40044965361892082 -4158.93263156600824 1897.6826441920579782 2831.6504370275697511 6125
424000000 312.94829786584443809 5278.9383423429799223 542.76696703995378357 -4217.1382579528853967 1906.190122646628879 2853.7151023462106423 6117
425000000 312.28573933664421247 5267.7620373504514646 469.05813236937240163 -4169.7574173487664666 1860.556741255381894 2778.2588084627564058 6127
426000000 314.99151338104701381 5313.4041272615377238 408.44895664838264793 -4229.9575025242447737 1827.7325595664879074 2810.6738996061385478 6125
427000000 319.65034805162309794 5391.9912329938842959 522.19040081130094677 -4136.4158897939587405 1890.4174407875239012 2768.188849817735445 6135
428000000 316.09970042513509725 5332.0974741096233629 563.73776322958588025 -4161.7014948028972867 1929.7552903603625509 2795.6839676721210708 6126
429000000 311.93052017150944266 5261.7700569385015115 641.05204086125661433 -4115.755522954319531 1944.5574636838437073 2812.2501001317327791 6141
430000000 312.14299935015918663 5265.3542415810543389 486.44890777239697854 -4107.2176175783270082 1862.6299561498415187 2731.0365692008822407 6135
431000000 311.45762209559353551 5253.7930211086322743 464.60959529681304048 -4196.4103791915986221 1883.1252890074392781 2777.8946854809719298 6140
432000000 309.06307802480688451 5213.4008841521163049 576.31195969132124901 -4072.2254755454814585 1847.6933315581438819 2800.8441036786584846 6117
433000000 313.20148760206387806 5283.2092491206531122 510.30138885473877508 -4139.5500749965704017 1848.8098555994861272 2801.0416082518231633 6122
434000000 316.36986922405998257 5336.6547905777924825 546.36312986333007302 -4163.4194878230491668 1879.3584201289686462 2830.4241975574109347 6135
435000000 312.64602896051854941 5273.8395483092544964 492.77538246558071933 -4166.8043842960787515 1891.1139437143078794 2768.4658230473514777 6128
436000000 308.82762118648707883 5209.4291030615986529 622.16201617723606887 -4125.0235655636770389 1901.7571644420872872 2845.4284172988254795 6129
437000000 308.32323028049540881 5200.9208334486093008 651.54169861017635412 -4092.730836338933841 1905.0197065370816745 2839.2528284120280659 6140
438000000 313.59402499268128395 5289.8307284393285954 422.14763450727843974 -4227.3463184069514682 1862.5205135678729675 2786.9734393463568267 6138
439000000 313.19361308042999781 5283.0764185078514856 510.74749364478373082 -4158.9166574134760594 1896.1538158850385116 2773.5103351732213923 6135
440000000 311.04371156915607344 5246.8110110986372092 627.11845689594201758 -4098.6981959891409133 1910.1749159227613291 2815.6417369623218292 6128
441000000 310.19324342425994701 5232.4649707793569178 554.41587035916825243 -4150.9947808127708413 1884.6233549997516548 2820.7872961721868705 6131
442000000 312.51338907821792645 5271.6021251784195556 592.09682363591082321 -4131.2648757660881529 1908.3250900544476281 2815.0366093475508933 6139
443000000 313.62746735520636321 5290.3948477235562677 508.67751394829258516 -4191.47660753213313 1885.4802279519603871 2814.6738935284647596 6139
444000000 313.35274390796126909 5285.7607016071124235 512.64560490377061797 -4165.2822807878865206 1868.9780533665802977 2808.9498323250772955 6133
445000000 310.65832626656140292 5240.310176090693858 616.34762902471447887 -4120.7656754548243043 1910.0867906676730854 2827.0265138118656978 6132
446000000 308.9516947462334997 5211.5220260021706054 556.86169615665255606 -4184.207150357979117 1915.6099942424493747 2825.458852272182412 6137
447000000 308.81067248300826122 5209.1432054828046603 433.14181550914747731 -4227.3792590472576194 1856.6668703723394174 2803.8542041840664751 6127
448000000 315.26820202486999278 5318.0714231079400633 557.95718974540318413 -4158.3382192531025794 1914.2214994356265834 2802.0739095628787254 6137
449000000 314.78506456747413722 5309.921665253809806 695.15347505820125207 -4078.4063480355926004 1935.2326210281960357 2838.3272020655981578 6139
450000000 312.05039691748453379 5263.7921863285600921 561.50109520210003211 -4126.5975440491520203 1914.8974520909694093 2773.2011871602826432 6135
451000000 310.1511883412118209 5231.7555686451796646 547.52047801505273128 -4104.4838472846358854 1881.8201149313695169 2770.1842103683184177 6143
452000000 304.52119411841948704 5136.7865511667450846 592.64421610506610705 -4136.2896445810765726 1919.7356995226234631 2809.1981611635187619 6132
453000000 306.44707969687488003 5169.2731673023972689 527.50157794753999951 -4156.0978518186675501 1862.0372659669712903 2821.5621637992362594 6139
454000000 307.77076059633236582 5191.6015515780918577 592.67944245531623437 -4110.7013135844954377 1917.7196615607015246 2785.661094479109579 6137
455000000 306.08623560611016501 5163.186303372041948 679.58233912180457992 -4051.8533081662553741 1942.5080926704247304 2788.9275546176349962 6132
456000000 314.72618376207702795 5308.9284400362303131 603.8112057271168851 -4044.3025747148512892 1857.4857604255303158 2790.6280200164383132 6138
457000000 307.85861714946685197 5193.0835514168211375 580.08793165925112589 -4153.6960610014202757 1892.4902884352381989 2841.2937042254329754 6135
458000000 316.57179357380283591 5340.0609321014226225 541.74914521584150862 -4140.1387005093938569 1845.3104537757474191 2836.5773919494877191 6134
459000000 315.90610714443715779 5328.8318644250030047 545.14076573404872761 -4198.3699447651079026 1871.8637128591412875 2871.646997640014888 6137
460000000 311.88243439347564845 5260.9589266044658871 550.62239379922402804 -4103.5133308871718327 1852.851299941056368 2801.2844247453399475 6127
461000000 304.99193831676990385 5144.7272545195164639 553.98870317965042886 -4149.2793463517955388 1921.9865358064316752 2781.2815137250145199 6128
462000000 315.51137452385421511 5322.1733550802355239 590.01208404071735458 -4145.4839699656749872 1898.6931413360478018 2836.8029126703440852 6128
463000000 308.46928311769619313 5203.3845117225127979 413.84636029485989184 -4186.5305267523608563 1828.2158537726581926 2772.1610332745622145 6127
464000000 312.21496189709199598 5266.5681349008355028 416.9273833929163402 -4177.0536865841741019 1824.0218946804600364 2769.9591752966307467 6122
465000000 313.25016069609625902 5284.0302865382718664 466.76063348321736157 -4226.2276278743647708 1882.377047325548574 2810.611214032033331 6122
466000000 314.97805481175640807 5313.1771026764999988 623.29617532329086771 -4140.3393466984853148 1951.5494724736329317 2812.0860495481433645 6131
467000000 305.65719372419903266 5155.9490515437464637 559.32518592780115796 -4124.0332730422951499 1870.7761038785301935 2812.5823550915656597 6124
468000000 311.99956410558871767 5262.9347179173373661 677.92151204573144696 -4062.7573167075402125 1898.5925536694969651 2842.0862750837750355 6134
469000000 311.3232427623289027 5251.5262562160705784 546.07301430777533824 -4129.8689531819209151 1893.1867383425453681 2782.7552291471511126 6136
470000000 316.01743000225332025 5330.7097033732015916 424.23463801790757088 -4183.8607083616152522 1837.0335298387030889 2771.0618165408204732 6129
471000000 312.72582256801030098 5275.1855391228637018 493.00415708830325912 -4171.0991077995058731 1868.050059978219906 2796.0532049095895673 6136
472000000 316.91571037643223008 5345.8622596956520283 481.43921161550395027 -4185.7616800065788993 1876.5585032090175446 2790.6423884130654187 6138
473000000 316.18650715436973542 5333.5617650946051072 605.58348935609285491 -4140.1815842222304127 1880.55641043012929 2865.2086631481938639 6131
474000000 310.4307674201967302 5236.4716215198404825 620.07971888279826089 -4127.411298045057265 1894.7502912229167578 2852.7407257049385407 6139
475000000 315.4397267381044685 5320.964771279276647 508.19977329226696838 -4134.5333659227108001 1872.3347988912416895 2770.3983403237361927 6133
476000000 305.03390682834645986 5145.4351963311301006 592.86504944694775077 -4137.3152975294160569 1912.1060278996296802 2818.0743190767339001 6139
477000000 311.50406770730558037 5254.576484454405545 548.58063161041150124 -4177.859669927237519 1885.3853056648570146 2841.0549958727924604 6130
478000000 318.23138120060878009 5368.0555267848531003 486.12355096752980899 -4161.3552143252327369 1857.4487153174889045 2790.0300499752729593 6140
479000000 314.5293359728688074 5305.6079319869986648 555.22213204611853143 -4178.1147768573018766 1899.9946420129026592 2833.3422668905182036 6147
480000000 312.24661193096949319 5267.1020204612041198 385.77882429708643031 -4223.6187975316315715 1878.9478414797426922 2730.4497803489753096 6141
481000000 312.33541388532864858 5268.5999677098016036 664.81236911576377224 -4135.3290053097316559 1950.4235791106079887 2849.7177953148880079 6136
482000000 311.21378210323621261 5249.6798295884036634 547.96244423314408323 -4131.2871731622399238 1906.2569995618275698 2772.9926178335563236 6138
483000000 310.25359397459794764 5233.4829882484837071 502.53094752375511689 -4185.8956647286995576 1855.5013895563620281 2832.9252226960925327 6138
484000000 312.51273352771255531 5271.5910670876046424 569.10855025792670858 -4213.4894080842514086 1903.2244341774514851 2879.3735241647268595 6131
485000000 310.98405845373071088 5245.8047582434319338 563.84322002414330655 -4147.522961455199038 1887.0424108852339486 2824.3237705941082822 6133
486000000 312.13498711088180926 5265.2190878913943379 614.48210787959465051 -4105.4484119249655123 1926.5285952707886281 2793.4019245337713073 6137
487000000 311.03552655542989669 5246.6729429797615012 490.16588016942762351 -4159.9302922953575035 1877.7853109171319375 2772.3108615476521663 6138
488000000 311.4252264124688736 5253.2465576354661607 555.70180343560082292 -4211.1570047100722149 1883.0413893609918432 2883.8174187846807399 6135
489000000 305.27277920527637889 5149.4645921070496115 632.53472036944299361 -4186.383764373993472 1996.1174172642070062 2822.8010674792294594 6134
490000000 311.01111346376899291 5246.2611330849549631 616.77490072701311874 -4123.0680972581794776 1954.878296076413335 2784.9647019087792614 6126
491000000 313.33340269756257612 5285.4344462548469892 570.73954354183740634 -4144.8174972187189269 1901.8356073265740633 2813.7214334339823836 6132
492000000 308.5559552008950277 5204.8465314437553388 552.62446464238632871 -4176.3443134343642669 1904.1219238819958264 2824.8468541947549966 6122
493000000 318.3282575838841808 5369.6896767630687464 536.28353232770234627 -4194.2499790192050568 1862.2867614298015724 2868.2467499171052623 6131
494000000 318.28672330032395621 5368.9890596850946167 520.20561497526966832 -4151.658528217652929 1886.7397241751993988 2785.1244190177221753 6129
495000000 310.14525623973685242 5231.6555035604988007 499.76582401151870272 -4170.366540363203967 1866.0262260978834092 2804.1061382768393742 6136
496000000 315.91500887465969072 5328.9820224073446298 587.8655155968103827 -4154.2325651045885024 1869.3605121427647191 2872.7375685586339387 6126
497000000 313.76358411573505691 5292.6909202412552986 608.08277411870426477 -4147.0536924560183252 1926.5639955340557208 2828.5724710406666418 6127
498000000 312.11982340753439757 5264.9633004160878045 572.841232684644865 -4162.3286489719894234 1891.9515659922833493 2843.2183156643504844 6130
499000000 311.30058030807117575 5251.1439767803667564 545.93953891358944475 -4167.0184125082523678 1928.5522461935006504 2784.4057052283415032 6130
500000000 318.41486873232224752 5371.1506686121438179 504.84696846720873964 -4183.0810777962751672 1867.1821355246177063 2820.7459107388663142 6126
