# Steps Temp KinEng PotEng Epair Ebond Eangle Bonds
251000000 317.35339968887279838 5353.2453798763108352 429.91139321758623737 -4174.7208848360060074 1869.8948013763663312 2734.7374766772254588 6073
252000000 314.27702542114860762 5301.3518556487133537 459.75744884422351788 -4189.0674428797847213 1897.2943816526362752 2751.5305100713712818 6067
253000000 315.06659319388620588 5314.6706038822303526 544.58608078251995721 -4215.517449620352636 1933.3332251377480588 2826.7703052651240796 6070
254000000 314.05934255964245949 5297.6798931810717477 536.28328945683233542 -4191.2643855297974369 1880.4653057949490176 2847.0823691916803 6080
255000000 310.74586362757588631 5241.7867916677660105 596.92150179858526826 -4123.9240513028144051 1904.1614943783001763 2816.6840587230990423 6075
256000000 309.97360670968743079 5228.7600499286927516 658.24161089799997626 -4041.8584662758039485 1852.6478406958053711 2847.4522364779982126 6071
257000000 311.56577167504724457 5255.6173319151766918 587.24497402723568484 -4105.8666983891507698 1905.6828064207516036 2787.4288659956350784 6071
258000000 316.2324041240693191 5334.3359737252212653 462.00687145538984169 -4164.4406500326495006 1912.5526980265722159 2713.8948234614667854 6071
259000000 317.37579516103443211 5353.623155750137812 486.32791584443202737 -4206.7083675684443733 1905.0354178215295633 2788.0008655913470648 6071
260000000 316.57624001245744694 5340.1359364253339663 335.57374731882202923 -4235.7231567766903026 1824.9795867607517721 2746.3173173347595366 6075
261000000 306.72822453626253036 5174.0156320562127803 527.19157022352283093 -4161.9530771536356042 1879.212652180826808 2809.9319951963316271 6070
262000000 307.2792703816352855 5183.3108960386807667 584.03832632262674451 -4131.8776053315050376 1917.8434954913038837 2798.0724361628281258 6077
263000000 311.95390151646824961 5262.1644629130360045 565.46749852444759199 -4115.9028622930636629 1866.1106390748454942 2815.2597217426650786 6072
264000000 311.49316103583021231 5254.3925063128681359 563.67496815829929346 -4139.0242345753158588 1921.9268682709725908 2780.7723344626433573 6075
265000000 311.43872693825653641 5253.4742899596494681 436.32522077928581439 -4245.5005328289016688 1847.1812081505797778 2834.6445454576078191 6071
266000000 309.42796539314099391 5219.5559517222909562 414.67538358110255103 -4246.4756706972275424 1839.3113237794452743 2821.8397304988839096 6074
267000000 314.51689469833894464 5305.3980675410466574 505.72291508967560958 -4183.1118539707131276 1858.2610638041444417 2830.5737052562435565 6070
268000000 313.58011343188377396 5289.5960626105115807 559.07142391058528119 -4174.3334811119948426 1914.9702593030497155 2818.4346457195310904 6083
269000000 308.40227060868915032 5202.2541176426402671 461.84380666864223031 -4212.4326481913212774 1837.266710642167709 2837.0097442177957419 6069
270000000 315.27553497739262411 5318.1951183141400179 544.20381796038941502 -4133.4253555935292752 1921.3840838231524231 2756.2450897307662672 6073
271000000 314.90712887934114406 5311.980695389268476 517.15939023148030174 -4177.5922976136953366 1930.1512431628734703 2764.6004446823026228 6088
272000000 311.72750945701039882 5258.3455901751940473 410.86056118130039749 -4220.035335459127964 1827.3196843805803837 2803.5762122598480346 6079
273000000 310.37666741288791172 5235.5590407362060432 368.09604669928205567 -4208.6676682361030544 1842.6251919826445373 2734.1385229527413685 6076
274000000 310.29936020755718573 5234.2549915589370357 486.38080570605984576 -4148.103088603692413 1904.6765612439635333 2729.8073330657880433 6073
275000000 309.34896578706838 5218.2233544454547882 415.2811970169501592 -4194.2483207205750659 1845.9075764380770579 2763.6219412994482809 6074
276000000 313.23972399824532431 5283.854236101735296 534.71688544100095442 -4173.51079447236134 1881.9410849184180279 2826.2865949949441529 6074
277000000 311.90689049844775127 5261.3714620651853693 516.36654870513154947 -4152.0058268876546208 1863.7274025727838307 2804.6449730200019985 6071
278000000 310.34021207395386455 5234.944097348449759 256.40527075828225634 -4281.1472016884254117 1817.0347794000522299 2720.517693046655495 6080
279000000 306.79964507249167127 5175.2203825204323948 543.43047718129946588 -4151.1298575204391454 1888.4381525415008127 2806.1221821602375712 6080
280000000 311.62476591328402264 5256.6124705637303123 520.88671655940947858 -4165.2450468134011317 1877.6576462245670882 2808.4741171482437494 6072
281000000 310.67540873526172618 5240.5983300752950527 542.47470434146907792 -4232.7926647959957336 1906.3178917777725019 2868.9494773596916275 6067
282000000 311.56984649967745327 5255.6860677035656408 292.34826763957778439 -4313.7113895457387116 1813.9679671078247338 2792.0916900774923306 6083
283000000 312.26551720418854075 5267.4209222489726017 411.47921798580370023 -4276.5779112151139998 1906.374255560837355 2781.6828736400807429 6084
284000000 304.36735920107292941 5134.191601620414076 463.23059601160196053 -4182.4180273410747759 1859.9849396950703522 2785.6636836576058158 6083
285000000 306.19086992307762785 5164.9513173105460737 577.38145381033518788 -4139.5062941776777734 1916.3353286108906559 2800.5524193771225328 6067
286000000 318.11691888527792571 5366.1247301987268656 431.7845779796826946 -4181.1530273330708951 1879.4531276342841011 2733.4844776784702844 6082
287000000 307.88633291671629877 5193.5510721779764935 433.77658505510737541 -4192.7845821785394946 1844.4458614137106451 2782.1153058199370207 6077
288000000 313.91880343945661025 5295.3092225137206697 537.0563517450133304 -4211.4113781190208101 1873.1032447123930069 2875.3644851516414747 6077
289000000 310.06065235667017532 5230.2283710747888108 390.52853506126325556 -4209.8250492196857522 1857.0461798064482082 2743.3074044744998901 6078
290000000 310.85170622020541487 5243.5721872883696051 497.10472623264752201 -4183.1077343578617729 1907.1385772599924167 2773.0738833305167645 6076
291000000 310.64923841749725852 5240.1568785805266089 377.70775291540508078 -4175.8365027555410052 1866.1128511240069656 2687.4314045469395751 6083
292000000 315.91514351423097651 5328.9842935620372373 434.01435240279738537 -4214.7947780123895427 1836.3859739308970802 2812.4231564842903026 6079
293000000 311.93681799706320135 5261.8762912047241116 426.30706473079470697 -4221.3001564823916851 1839.6624898353429671 2807.9447313778427997 6081
294000000 316.96757346559843427 5346.7371072401792844 545.68746162151683166 -4184.9592861419059773 1890.3341010599563106 2840.3126467034671805 6084
295000000 307.7884063499751619 5191.8992072807104705 391.48095169914313374 -4268.4662910083170573 1890.1876334903995485 2769.7596092170597331 6087
296000000 310.20370345971036841 5232.6414148839521658 466.60150977607816003 -4165.6691073436077204 1886.2183336425023299 2746.0522834771836642 6085
297000000 308.27309936092950693 5200.0752048408230621 348.0050368176758866 -4255.4633570708301704 1794.8792035002702505 2808.5891903882356928 6078
298000000 308.63194677464963434 5206.1283880159871842 424.87748024343500219 -4274.648908477725854 1902.5633346325284947 2796.9630540886328163 6099
299000000 311.02465523755671484 5246.4895611970714526 387.21554593013524936 -4265.7185315424721921 1881.5685670762347854 2771.3655103963733382 6093
300000000 309.96489764795273913 5228.6131419562561859 439.10970372745873647 -4151.3510191981968092 1854.5073225774660841 2735.9534003481894615 6095
301000000 312.97646400406722478 5279.4134601436962839 547.43113774899256896 -4160.1947451920914318 1897.1744391376550993 2810.4514438034284467 6089
302000000 312.83361446030215802 5277.0038163178305695 335.68201208217772091 -4307.9775187396880938 1830.378301928565179 2813.281228893300522 6088
303000000 307.14294375598035458 5181.0112834312312771 570.88199913260496032 -4126.9750723913512047 1897.8922796795650356 2799.9647918443915842 6087
304000000 313.92397362595352206 5295.396435308683067 381.16958029432566946 -4234.4269643872739834 1826.0899632394584842 2789.5065814421413961 6092
305000000 312.4482915803398555 5270.5040342800739381 551.02363094223198914 -4148.5263138793561666 1859.4710035750954376 2840.0789412464932866 6093
306000000 314.78109228366088246 5309.8546591653548603 563.12516223503894253 -4112.0638909871668147 1909.8681325580446355 2765.3209206641599849 6088
307000000 314.01551114754454375 5296.9405272107160272 587.45992566975496629 -4116.6900123646719294 1860.5710355525789055 2843.5789024818477628 6093
308000000 309.04475246643158926 5213.0917612285793439 572.71138508559101865 -4116.1320512664015041 1901.960315424798182 2786.883120927193886 6096
309000000 313.07996060310347275 5281.159282596416233 615.65990542133295094 -4132.0491921026959972 1918.7493217860460391 2828.9597757379833638 6094
310000000 315.42986037916989517 5320.7983415500393676 573.61981603342587732 -4131.2133531658510037 1895.9443122806255815 2808.8888569186510722 6101
311000000 315.42973764043335905 5320.7962711434356606 371.95456457814384521 -4224.4135134398238733 1842.3095412458394549 2754.0585367721278089 6095
312000000 311.76991605040848299 5259.0609217279898076 377.60620493382702989 -4258.1251823835018513 1871.5315115958660499 2764.199875721463286 6095
313000000 318.0970714344375665 5365.7899353781340324 460.47697445663197868 -4226.296014879582799 1925.5219654777265532 2761.2510238584886793 6107
314000000 317.30487988905593966 5352.426928287462033 523.6130010158267396 -4159.6533424258650484 1898.8678738946071007 2784.3984695470849147 6106
315000000 316.48725985965006657 5338.634983253306018 457.00081817527780004 -4289.3493336745414126 1939.7020603156774996 2806.6480915341421678 6106
316000000 310.51472126284386377 5237.8877888610895752 456.90214864709975018 -4154.4268372683391135 1891.7906306302784287 2719.5383552851608329 6095
317000000 314.85704724179578307 5311.1358980905188218 554.34727808085131073 -4106.1497232114033977 1887.8242973685087236 2772.6727039237457575 6091
318000000 309.03703425046273878 5212.961567242894489 549.71455692004519733 -4122.9016939253633609 1883.0427327292231894 2789.5735181161853689 6094
319000000 313.03843352568327418 5280.4587870745235705 502.36853252931723546 -4159.2184082832773129 1892.9559433778872517 2768.6309974347077514 6099
320000000 309.87271636101991135 5227.0581907603082072 499.81491253639444494 -4216.6915041722486421 1887.0708901090556537 2829.4355265995873197 6102
321000000 313.4578068322387594 5287.53294546691086 444.19336218980777176 -4185.9842261564581349 1871.4184480574472218 2758.7591402888187986 6097
322000000 307.65366257237479886 5189.6262947938321304 445.88480930486332454 -4221.1533872900417919 1885.5838695325992376 2781.4543270623057651 6098
323000000 310.04355634443248846 5229.9399886323280953 457.69853341692811455 -4211.7068641054347609 1884.748975820330088 2784.6564217020327305 6088
324000000 309.39335274488627192 5218.9720915854959458 471.52262616469573686 -4218.4750625068209047 1947.7216943855485169 2742.2759942859688636 6092
325000000 313.6282724898837273 5290.408429060626986 591.83876372197937599 -4134.3124850027970751 1891.0100067125902115 2835.1412420121869218 6096
326000000 305.43946909996759587 5152.2763846055786416 663.91312609435988179 -4075.9601482303100966 1904.3715771166844206 2835.5016972079856714 6099
327000000 317.06895728508015964 5348.4472904736558121 431.5448606237119975 -4163.6165318017337995 1860.3946793982145209 2734.7667130272311624 6096
328000000 310.23705663879530903 5233.204029785874809 526.52322704255880126 -4197.718450615515394 1880.7458057568305776 2843.4958719012433903 6094
329000000 312.55002208580515344 5272.2200655528076823 475.13086092912755021 -4235.8359901158974026 1873.0436327738011641 2837.9232182712239592 6094
330000000 312.92043890647016724 5278.4684061592033686 363.54020034712794995 -4229.2869477889507834 1848.9710810695157761 2743.8560670665633552 6091
331000000 312.23763582252053084 5266.9506078368840463 420.73873105570964981 -4221.1313639261798016 1861.766681001467532 2780.1034139804223742 6105
332000000 313.93444342391308055 5295.5730440912266204 527.28282836906191733 -4151.4670479558026273 1847.3369893649701226 2831.4128869598935125 6104
333000000 316.50198086968151756 5338.8833031988788207 546.91847063234229154 -4199.8774769972915237 1911.3522228470269511 2835.4437247826072053 6104
334000000 311.50685812714380063 5254.6235543837701698 479.02757724017305918 -4151.1897445572303695 1833.4574826611378739 2796.7598391362657821 6097
335000000 310.01941616499175325 5229.5327823311281463 557.06482460556014757 -4180.6459876989792974 1924.7963452299482014 2812.9144670745909025 6095
336000000 303.85425825817867462 5125.536407585462257 571.06572883975854893 -4149.3396431605488033 1923.6446529615698182 2796.7607190387379887 6108
337000000 309.85282153110887293 5226.7225967304066216 560.56254492361665598 -4083.8642865873653136 1898.8249317137072012 2745.6018997972746547 6104
338000000 313.74935122024663769 5292.4508340090287675 568.59639303204244243 -4147.6922546899349982 1886.1720246055740517 2830.1166231164033888 6096
339000000 309.67550574654961792 5223.7315624279490294 531.56090562405199762 -4193.1557784048536632 1871.7315691065668943 2852.9851149223386528 6109
340000000 308.96192448059741764 5211.6945852949793334 426.75224653613952341 -4168.2187920710512117 1839.0178291692270705 2755.9532094379642331 6101
341000000 308.65641951624985495 5206.5412041100726128 498.30098672628679424 -4172.0127711231207286 1881.0598007256830897 2789.253957123724831 6103
342000000 312.18467614170140223 5266.0572625412523848 560.57561768316395501 -4106.9331181186116737 1853.5113978796250649 2813.9973379221510186 6115
343000000 309.59382400591891837 5222.3537218216079054 549.20387404003042775 -4111.5720863169663062 1848.9153851834257694 2811.8605751735713056 6105
344000000 301.92674209229056714 5093.0222860421181394 564.15734315154850265 -4134.7086235861861496 1881.9833113596901057 2816.882655378043637 6105
345000000 311.07824344376001591 5247.3935087128529631 477.36464416282763068 -4133.1994668706611264 1823.3891862319915163 2787.1749248014971272 6099
346000000 313.01455012679309675 5280.0559122514086994 531.23072307132179048 -4189.396952984760901 1958.6255093682987081 2762.0021666877842108 6105
347000000 310.35269326583176053 5235.1546351363585927 605.07465917583635928 -4123.3956709444246371 1944.0041983512505794 2784.4661317690101896 6105
348000000 311.14860044336529654 5248.5803190115548205 584.08561853378887463 -4156.9401080837833433 1949.7560714658898178 2791.2696551516819454 6106
349000000 309.16129801446055581 5215.0576986256355667 555.06330877660354872 -4128.5790255655610963 1881.1762252210476163 2802.4661091211173698 6109
350000000 309.78100958502051299 5225.5112438065225433 641.80699546818220824 -4157.4143882998005211 1903.2326594737523919 2895.9887242942309058 6100
351000000 309.53438454908001631 5221.3510730457728641 570.46605049251479613 -4123.5215427692974117 1843.1013563685658028 2850.8862368932459503 6106
352000000 315.89837324520141237 5328.7014058876347917 532.16147517668048295 -4159.0021989340202708 1849.4024320800269834 2841.7612420306741114 6102
353000000 314.69063517616552872 5308.3287921248529528 693.74758910677519452 -4126.648118791215893 1938.3766479981188695 2882.0190598998724454 6102
354000000 311.05193027012188622 5246.9496474674833735 555.1411454984017837 -4169.9750868332048412 1917.1441236435086921 2807.9721086880972507 6100
355000000 311.05886828617036599 5247.0666807256538959 582.94140916972378363 -4131.1958365179416433 1921.0728085798282336 2793.0644371078369659 6103
356000000 310.73098755172105712 5241.5358560092272455 451.42586413936624012 -4156.3960094302165089 1832.9520318263012086 2774.8698417432815404 6105
357000000 312.90206863391404113 5278.158528978796312 593.0663280712121832 -4071.1207640792763414 1865.5876423154713848 2798.5994498350173671 6104
358000000 311.88554115125259614 5261.0113326500040785 588.90827649171410485 -4138.0074728707386384 1938.9610080287732217 2787.9547413336799764 6113
359000000 307.50972255906953023 5187.1982564871332215 643.02324281772814629 -4075.7139646369328148 1954.7615543531924232 2763.9756531014691063 6107
360000000 306.8361996707079129 5175.8370002538686094 465.05568283333252566 -4206.0559181400731177 1910.1862725279966071 2760.9253284454084678 6102
361000000 318.59037648604549986 5374.1112043198836545 572.88703570095833584 -4105.7930026553594871 1861.8684333604460335 2816.8116049958716758 6117
362000000 311.83515745796404417 5260.1614401529250244 588.64370085841937907 -4107.3589804833463859 1955.7463840540397086 2740.2562972877262837 6110
363000000 311.77888288867433175 5259.2121779791150402 408.97823596241255473 -4207.0176977663040816 1836.3646673109672065 2779.6312664177494298 6116
364000000 306.35107230183785987 5167.6536757689218575 706.4435307360877232 -4074.8769504952106217 1907.4412104985256065 2873.8792707327729659 6114
365000000 305.12287179712336638 5146.9358933727962722 527.63137634139138754 -4152.0884993925192248 1866.4639131262965748 2813.2559626076131281 6102
366000000 311.72945807709419341 5258.3784602861514941 595.46504668767556723 -4114.2908060165864299 1887.9965550183453615 2821.7592976859159535 6113
367000000 311.66945485079389755 5257.3663016192376745 623.38159767668298628 -4116.4530992769759905 1940.6085272381872073 2799.2261697154713147 6120
368000000 318.9398299258454017 5380.0059261471105856 640.81645768761643467 -4052.1882567694710815 1879.1073302706308823 2813.8973841864567476 6114
369000000 314.07965791927250621 5298.0225808761988446 642.83628100192686361 -4043.1728392629229347 1876.4638834875893281 2809.5452367772604703 6121
370000000 314.25521628563768672 5300.9839703384341192 505.9752872544145248 -4192.6947256495213878 1913.7730460045199834 2784.8969668994154745 6123
371000000 306.62940899279584528 5172.3487715403289258 475.58011441389146512 -4176.1424882704504853 1886.0445009308691624 2765.6781017534722196 6103
372000000 316.65947840176676209 5341.5400352105853017 598.03506933112089428 -4069.7473573477273021 1879.0872488985987729 2788.6951777802496508 6124
373000000 305.63064240469691413 5155.50117315771422 700.82248022172825586 -4043.4016723641307181 1925.7919504739716103 2818.4322021118869088 6124
374000000 313.4056534262501259 5286.6532007409132348 561.81023752957821671 -4119.3357138491901424 1892.8886920836171157 2788.2572592951505612 6116
375000000 314.25052512846150421 5300.9048380036165327 538.28476375067975823 -4133.0530453603005299 1878.33029709672428 2793.0075120142564629 6125
376000000 312.88833696149703201 5277.926897579868637 554.35978192756840599 -4090.3450941038427118 1861.7591785079321198 2782.945697523479339 6118
377000000 306.83226009943030022 5175.770545973683511 600.84840411896391288 -4175.5593963593764784 1906.0475781979594103 2870.3602222803815494 6119
378000000 310.71831830304461164 5241.3221460032518735 567.41498606275490602 -4147.2897824524934549 1913.7352403093580051 2800.9695282058905832 6118
379000000 307.57170687496466144 5188.2438329738370157 729.53451175022473763 -4103.6194518518914265 1936.7855847015655399 2896.3683789005503968 6115
380000000 310.94426501152707942 5245.1335063808874111 577.2972718654690425 -4188.644446555511422 1948.379109681706268 2817.5626087392743102 6107
381000000 313.98560160712469269 5296.4360009972779153 618.24115572381606398 -4089.4329405709841012 1909.3916865680930641 2798.2824097267071011 6120
382000000 307.08939385047017367 5180.1079819870174106 616.95995269506283876 -4062.9415123971953108 1887.7946814078577518 2792.106783684399943 6117
383000000 307.24235912060112241 5182.6882619727148267 445.80140083202832102 -4160.5127433031084365 1842.5564249158087478 2763.757719219327555 6109
384000000 315.69711857063447269 5325.306560715469459 631.97807534360049431 -4139.2712989928750176 1910.9129976519438969 2860.3363766845318423 6121
385000000 309.71084845554736376 5224.3277375243551433 549.12238715782905274 -4118.6413939153371757 1865.1234911910335086 2802.6402898821324925 6116
386000000 319.65389302372653901 5392.0510310157524145 601.04090542732228641 -4042.8297922598039804 1830.683002357440273 2813.1876953296859938 6115
387000000 311.40723254818743726 5252.9430298619327004 724.03500980799185527 -4076.3831496632587914 1928.4391699800551123 2871.9789894911955344 6117
388000000 306.41867293151977947 5168.7939905059820376 670.72527277457527362 -4101.4258018738337341 1893.3430400874622137 2878.8080345609469077 6119
389000000 316.86763227355373829 5345.0512588292367582 621.69852417131266975 -4159.1934434938411869 1907.9360619270291863 2872.955905738124784 6116
390000000 315.22103534955442683 5317.2757965699393026 639.49513038227894413 -4080.0016146676853168 1889.1325347265851633 2830.3642103233792113 6113
391000000 308.71629739746435916 5207.5512484054315792 594.66123430387278859 -4156.8389790489345614 1900.7214146838589386 2850.7787986689490936 6127
392000000 308.61189639223175618 5205.7901700635457019 472.06747658500182752 -4241.1055638491279751 1886.9023760733466588 2826.2706643607830301 6124
393000000 312.36622491061098117 5269.1197005341655313 590.6403235376790235 -4132.4108816595653479 1795.6650487183694622 2927.386156478875364 6120
394000000 314.29771244285143439 5301.700812689862687 623.52754206090651223 -4179.754083824747795 1919.9195778483149297 2883.3620480373388091 6114
395000000 307.55991260458904435 5188.0448824553959639 678.46331756004656199 -4118.4338284189670958 1861.4485941791351706 2935.4485517998787145 6127
396000000 312.12067504698387665 5264.9776662144458896 657.17453575571369129 -4117.2254939448075675 1908.042660271757768 2866.3573694287638318 6128
397000000 312.77716727568412125 5276.0516423989138275 695.69582137342126771 -4063.5426912575239839 1922.3030710319242189 2836.9354415990210327 6132
398000000 309.50258323904949975 5220.8146356981287681 788.06829435128770456 -4037.6879590333105625 1929.9566376481702719 2895.7996157364277678 6126
399000000 312.90654302239130402 5278.2340047716097615 660.60841526010631242 -4073.9524749292322667 1896.878476103959656 2837.6824140853786957 6121
400000000 317.22827926145583888 5351.1347979488618876 558.90332731420915025 -4073.0767011789475873 1841.031665168125528 2790.9483633250310959 6113
401000000 307.18860248240457622 5181.7814732780116174 683.74832569240288649 -4073.7359454875995652 1926.4182730059060304 2831.0659981740959665 6124
402000000 315.12621085197901039 5315.6762586288232342 556.04922793186528907 -4114.3169167767446197 1909.2232543681134302 2761.1428903404962512 6123
403000000 307.33067526206065168 5184.1780143330179271 551.88336616858214256 -4187.2284656342253584 1931.90830080992896 2807.2035309928787683 6114
404000000 309.76808789838963776 5225.2932755751289733 614.71858635922296799 -4127.5899008173128095 1938.4669688678395687 2803.8415183086958677 6120
405000000 315.17475663841071309 5316.4951485703923026 508.78781036332878784 -4152.8980370641811533 1871.4693060091381085 2790.2165414183714347 6118
406000000 310.68611817361443173 5240.7789812088221879 521.83174659932979012 -4158.8466837612413656 1887.5711601258885821 2793.1072702346823462 6119
407000000 309.04313318555983869 5213.0644465445266178 584.24171405360573317 -4193.0803318168364058 1931.1970554976535368 2846.1249903727898527 6111
408000000 305.09716502016715367 5146.5022610716860072 603.96360264479119451 -4165.8581919234047746 1891.3124603140979616 2878.5093342540976664 6118
409000000 312.20569370036429291 5266.41179521340473 610.26346700225315089 -4105.2586241604903989 1909.7321943364529488 2805.7898968262907147 6123
410000000 313.84395972600361802 5294.0467285128752337 634.57509184880564135 -4101.7217736531247283 1897.0420977330888945 2839.2547677688417025 6122
411000000 312.22301192446661844 5266.7039260153887881 612.41089478269725532 -4101.5588391544870319 1876.8679332975345915 2837.1018006396498095 6122
412000000 308.07613621158458272 5196.7527508501925695 666.54826214994227485 -4106.0998552933669998 1937.9024444497204058 2834.7456729935884141 6124
413000000 313.26778647481768303 5284.3276052958453874 612.1865393985957553 -4098.4262946199796716 1880.3010094466840201 2830.311824571890611 6119
414000000 308.07642662315242887 5196.7576496298661368 753.64745982529416324 -4015.190665537958921 1887.7140787504131367 2881.1240466128401749 6108
415000000 310.74896771542023544 5241.8391526758023247 506.30724239882249549 -4130.0601205389330062 1842.2986372941913942 2794.0687256435639938 6120
416000000 313.26053526290769469 5284.2052889233291353 600.53634830139890255 -4124.4614147387601406 1894.2163877047678398 2830.7813753353907487 6124
417000000 312.91558257777347762 5278.3864876444358742 563.60118094092263163 -4132.5388833247516231 1883.942303001916116 2812.1977612637583661 6117
418000000 314.43720911895690051 5304.0538989892429527 591.77559828101061612 -4166.6800359779117571 1877.5861824060702929 2880.8694518528518529 6127
419000000 298.1754308820753181 5029.7436527448207926 648.63850327348177416 -4098.2875933955729124 1916.6533550807719166 2830.2727415882818605 6125
420000000 308.72334749366632423 5207.6701722769194021 566.12309042980541562 -4111.0971131597061685 1904.3774213626070377 2772.8427822269050012 6119
421000000 311.6400579654412013 5256.8704230786224798 627.18599848576798195 -4092.1896836860883013 1910.4065611974319836 2808.969120974424186 6128
422000000 311.81975861770848724 5259.9016862932394361 583.68560185780052052 -4134.9023332650940574 1927.4519531220776116 2791.1359820008174211 6126
423000000 309.07882745713766326 5213.6665519405914893 671.7057070272431929 -4066.0093595887137781 1887.6733418602400434 2850.0417247557170413 6124
424000000 313.34988611802560854 5285.7124952517215206 662.49082434600290981 -4119.5923700066587116 1924.1177618563929173 2857.9654324962693863 6123
425000000 318.47115146554557441 5372.100068498485598 633.31269516805139119 -4095.9121806587318133 1874.7040482801999133 2854.5208275465834049 6125
426000000 308.73335687282582285 5207.8390145291004956 634.56279360246276156 -4089.9560433384617681 1874.7033477192835562 2849.8154892216407461 6120
427000000 310.75038886439244834 5241.8631251909137063 596.20775998220653946 -4114.6048221223200017 1903.9923812066913342 2806.8202008978350932 6125
428000000 312.40578508062463925 5269.7870174671506902 543.9751131758308702 -4178.2116696059656533 1871.6390996716882 2850.5476831101086646 6127
429000000 311.6666832091113406 5257.3195484473908436 581.96105205958201623 -4084.0140776800944877 1854.9868838164816225 2810.9882459231953362 6122
430000000 309.24811650005779029 5216.5221879216906018 629.40567809986782777 -4011.4035744169582358 1895.7669921721872015 2745.0422603446386347 6113
431000000 311.88944981920008104 5261.0772656403296423 565.34170039070409075 -4122.7126523940460174 1862.3551014022125401 2825.6992513825375681 6126
432000000 308.08178561358289471 5196.8480472458704753 667.46136848504602312 -4088.7517548532982801 1946.2198961754538686 2809.9932271628904346 6117
433000000 309.28640755036229848 5217.1680968306045543 539.05129807982234524 -4150.116120155698809 1900.6880130205331625 2788.4794052149882191 6118
434000000 305.05673038529897667 5145.8201933121872571 683.00577289233501688 -4095.766058919563875 1936.119581418724465 2842.6522503931741994 6112
435000000 308.9430995627578227 5211.3770389742212501 616.70935835202999442 -4087.220183918645489 1882.3741037964036877 2821.5554384742717957 6120
436000000 310.78875733140347393 5242.5103399961153627 669.70279738443605311 -4098.8331915803264565 1897.6546438788886917 2870.8813450858738179 6110
437000000 308.4617589877852879 5203.2575916588784821 568.82160691026786026 -4097.2605559377152531 1875.5387431249509973 2790.5434197230315476 6124
438000000 316.286669897232116 5335.2513507142621165 490.39669720549761678 -4160.8945740242443208 1870.0708315279209728 2781.2204397018213058 6121
439000000 307.91750464984664859 5194.0768895680739661 476.83757706842072821 -4225.5525961945595554 1974.7872293022837766 2727.6029439606968481 6122
440000000 313.94775651962862639 5295.7976147692179438 465.8614838469546271 -4180.3600589791603852 1858.7933195670320856 2787.4282232590830972 6120
441000000 308.7615945069743475 5208.3153383519820636 329.40566779176128875 -4218.9480272524742759 1822.9408292570960839 2725.4128657871387986 6119
442000000 312.96266287332002776 5279.1806570935896161 542.95609643498391961 -4177.6788036775578803 1923.7224085284178727 2796.9124915841239272 6123
443000000 311.59899196391603482 5256.1777051712351749 455.9614648279565472 -4192.8984773141255573 1845.1508986760472908 2803.7090434660340179 6127
444000000 308.44748972141235299 5203.016891907875106 568.30483827045429734 -4141.0443307412715512 1919.109588997445826 2790.2395800142799089 6128
445000000 317.95766666267303435 5363.4383993583123811 556.44646081248606606 -4208.7173814634779774 1888.9605218114670606 2876.2033204644967554 6138
446000000 304.21954905156405857 5131.6982802924158023 540.9036202549978043 -4224.1562385855941102 1866.0259134619143424 2899.0339453786773447 6135
447000000 317.87117962048768049 5361.9795009836552708 480.98698144552571421 -4212.6967130445509611 1880.6025833452727056 2813.0811111448033444 6125
448000000 312.14698263928625011 5265.4214333115887712 536.86143579646272883 -4230.7878996853451099 1939.6358434524704535 2828.0134920293371579 6131
449000000 319.43265405170882332 5388.3190826390737129 429.14189176095874245 -4289.6938475930319328 1876.366213686437959 2842.4695256675522614 6115
450000000 308.76205347992561201 5208.3230804931827151 675.05998837361767073 -4063.1984886919576638 1925.3419004554334606 2812.9165766101423287 6119
451000000 310.79528014785120149 5242.6203694996493141 420.11887791329968422 -4167.4466942945864503 1866.1248033516098985 2721.4407688562760086 6120
452000000 312.6378945453981828 5273.7023337081072896 493.98857804961386364 -4172.2944317571791544 1891.5009358810511912 2774.7820739257417699 6130
453000000 308.53313974182628954 5204.4616710610744121 461.29284488158344857 -4210.3557877099619873 1823.5228022668889025 2848.1258303246568175 6129
454000000 313.66723789339005179 5291.0657132318374352 620.80955037953071951 -4115.2642553676087118 1876.8300631428596716 2859.2437426042802144 6131
455000000 312.83293731485741773 5276.9923939548525595 485.13338664576900783 -4220.2983252871181321 1920.2608228065498679 2785.1708891263369878 6133
456000000 308.5583282377026535 5204.886560787505914 539.67779391137241873 -4168.9169693732692394 1893.5962376514039534 2814.9985256332374775 6135
457000000 308.56722958991531414 5205.0367123934247502 533.64404117950505224 -4168.3082646700477198 1908.5909560846500881 2793.3613497649030251 6135
458000000 318.48641677829408536 5372.3575699622269894 436.31913130009115775 -4186.8234069026348152 1869.6913382652951441 2753.4511999374312836 6142
459000000 312.34853304102176708 5268.8212669291287966 562.57274675382620899 -4148.8049871254734171 1922.2682244025393175 2789.109509476760195 6145
460000000 306.88772854629303311 5176.7062101486635584 613.23895214939977905 -4087.8803906410239506 1922.3431225565541354 2778.7762202338699353 6137
461000000 308.28035818856483274 5200.197649678471862 517.26426826072349741 -4183.8186470452028516 1888.1093017446364684 2812.9736135612897669 6134
462000000 313.58561134662176073 5289.6888036578702668 574.184563256987758 -4107.5036352263114168 1882.6482841847594045 2799.0399142985397702 6142
463000000 308.75398876477896692 5208.1870416193560231 511.11439475700524326 -4205.9221748821673827 1884.9621741949013085 2832.0743954442709764 6130
464000000 312.19726909113688862 5266.2696855008007333 453.96849772878420026 -4135.1471621652744943 1839.7666710842388511 2749.3489888098197298 6132
465000000 310.00930020715969704 5229.362142266832052 560.14856952890727371 -4184.3548065656632389 1928.7694050404902555 2815.7339710540800297 6130
466000000 309.67512633089751262 5223.7251622914172913 576.14969437122647378 -4178.6008705034555533 1928.8177321124035188 2825.9328327622779398 6134
467000000 309.97775528806243983 5228.8300298250505875 495.07289636370103381 -4161.2091959207236869 1860.3641211268086408 2795.9179711576161935 6131
468000000 310.84814142077919996 5243.5120548112090546 492.58893391452318156 -4220.2286324736196548 1857.8652724268595193 2854.9522939612838854 6127
469000000 307.91385087701672774 5194.0152562515877435 561.81879327384899625 -4152.0275208644397935 1854.7415026575299635 2859.1048114807590537 6131
470000000 309.76163383462255752 5225.1844058195938487 446.31930882120417436 -4267.304471075294714 1901.460616995818782 2812.1631629006806179 6135
471000000 316.42202730886248219 5337.5346142279122432 435.08989581733123941 -4227.4571311196905299 1846.4625062300062837 2816.0845207070155993 6142
472000000 313.9869920107408916 5296.4594548873010353 526.01139039502504602 -4207.4300020094142383 1939.1197885361189037 2794.3216038683212901 6142
473000000 314.48805858996712459 5304.9116484131400284 507.20747085069592686 -4178.7584987444215585 1885.8926737085698733 2800.0732958865478395 6131
474000000 312.2332358798547034 5266.8763878260988349 512.49298423589630147 -4201.400575494786608 1954.5432906227797503 2759.3502691079029319 6139
475000000 312.13560357148480762 5265.2294865979411043 454.15867062163817991 -4207.4042843656188779 1895.3460775906526123 2766.2168773966045592 6132
476000000 305.42927096326576475 5152.1043583149012193 470.53226721731027737 -4259.3888551023119362 1871.895817305577566 2858.0253050140454434 6142
477000000 305.66298251650312068 5156.0466992314259187 536.08354471671191277 -4159.0162176833437115 1883.6873684978302208 2811.4123939022256309 6136
478000000 310.76533277333163596 5242.1152050853297624 548.62140360982471066 -4183.8890610407706845 1893.0958945287152346 2839.4145701218803879 6133
479000000 312.4836269159324047 5271.1000849989022754 653.20039889768975172 -4039.1790396893611614 1926.7522837689962216 2765.6271548180548052 6129
480000000 314.19853416909319321 5300.0278334928516415 440.85132686917734191 -4191.5546192695210266 1873.1743076692036993 2759.2316384694945555 6126
481000000 307.01941255666605457 5178.9275092455818594 500.23916207035074422 -4164.698675609932252 1892.8604757472903657 2772.0773619329929716 6137
482000000 316.45535101816716406 5338.0967320216732332 527.19992624286317096 -4134.2163376484795663 1883.3294726362175879 2778.086791255125263 6141
483000000 317.24848359798676256 5351.4756128614908448 594.48271606168941616 -4114.7627016217338678 1919.842900980441982 2789.4025167029822114 6132
484000000 311.34853927575034049 5251.9529680261002795 592.30790919677849615 -4165.5144631186749393 1936.6215481706485662 2821.2008241448047556 6133
485000000 312.71430176876634732 5274.9912016259731899 682.81822102232354155 -4093.909338837008363 1941.937902285869086 2834.789657573463046 6126
486000000 314.90238022995328038 5311.9005932525933531 574.59890541032166311 -4127.135291426960066 1881.1642759315504918 2820.5699209057311236 6127
487000000 307.41999866032585942 5185.6847575081237665 542.32461653180121175 -4199.5167352449607279 1950.2971250060975308 2791.5442267706639541 6137
488000000 314.12738470173502492 5298.8276555278789601 470.06986974768790333 -4238.5295372766468063 1890.6326090422651305 2817.9667979820696928 6140
489000000 305.87874328181601413 5159.6862390038122612 614.72636728812358342 -4142.6738052853816043 1916.0664154334856448 2841.3337571400193156 6131
490000000 309.98984111732039537 5229.0338984765303394 449.97831976745828797 -4187.4798944874755762 1805.3059782349182569 2832.152236020016062 6124
491000000 311.67687896496903477 5257.4915345770277781 481.54006986416789005 -4197.1224043402662573 1907.68752509873093 2770.9749491057027626 6135
492000000 309.75925402915095219 5225.1442622992835823 558.70282687328653992 -4184.8088540515791465 1887.255054039980223 2856.2566268848850086 6134
493000000 317.01290310084999646 5347.5017458440815972 466.66092996242161917 -4196.9869919776738243 1879.1784557433488771 2784.4694661967469074 6133
494000000 309.82491674468104748 5226.2518875173727793 635.06902328794262758 -4123.3573650055659527 1936.8459243703562151 2821.5804639231528199 6143
495000000 308.81434622722503036 5209.2051756847140496 489.525298996241645 -4203.6155521403925377 1894.2542547935577204 2798.8865963430771444 6132
496000000 307.01850502717945801 5178.9122006714942472 624.3226623739990373 -4153.2249098143392985 1926.1771860197936803 2851.3703861685444281 6134
497000000 311.21083554966509155 5249.6301259321435282 572.92041925818034542 -4172.3476355828233864 1935.1404977876782141 2810.1275570533257451 6136
498000000 314.103139728200631 5298.418681517562618 641.71727662759246869 -4054.3760359830794187 1885.561709526388313 2810.5316030842832333 6143
499000000 308.24095919096606622 5199.533051466906727 509.51661636598430505 -4142.2652669491480992 1896.9724136289974012 2754.8094696861348893 6135
500000000 315.99442041972241668 5330.3215684375199999 503.15630783400138171 -4192.1553717070910352 1918.4677675189893762 2776.8439120221023586 6141
