# Time(s)	 Surface uM	 Bulk uM
0.0000e+00 1.0000e-02 8.7402e-03
2.0000e-01 9.5714e+00 1.2712e+00
4.0000e-01 4.9342e+01 6.6457e+00
6.0000e-01 7.6697e+01 1.0657e+01
8.0000e-01 9.6717e+01 1.3853e+01
1.0000e+00 1.1243e+02 1.6525e+01
1.2000e+00 1.2533e+02 1.8820e+01
1.4000e+00 1.3623e+02 2.0821e+01
1.6000e+00 1.4562e+02 2.2585e+01
1.8000e+00 1.5383e+02 2.4149e+01
2.0000e+00 1.6107e+02 2.5545e+01
2.2000e+00 1.6751e+02 2.6794e+01
2.4000e+00 1.7326e+02 2.7917e+01
2.6000e+00 1.7841e+02 2.8928e+01
2.8000e+00 1.8305e+02 2.9840e+01
3.0000e+00 1.8724e+02 3.0664e+01
3.2000e+00 1.9103e+02 3.1411e+01
3.4000e+00 1.9446e+02 3.2088e+01
3.6000e+00 1.9758e+02 3.2702e+01
3.8000e+00 2.0041e+02 3.3261e+01
4.0000e+00 2.0299e+02 3.3769e+01
4.2000e+00 2.0533e+02 3.4232e+01
4.4000e+00 2.0747e+02 3.4654e+01
4.6000e+00 2.0942e+02 3.5039e+01
4.8000e+00 2.1120e+02 3.5390e+01
5.0000e+00 2.1283e+02 3.5711e+01
5.2000e+00 2.1432e+02 3.6005e+01
5.4000e+00 2.1569e+02 3.6274e+01
5.6000e+00 2.1694e+02 3.6521e+01
5.8000e+00 2.1809e+02 3.6747e+01
6.0000e+00 2.1914e+02 3.6955e+01
6.2000e+00 2.2012e+02 3.7146e+01
6.4000e+00 2.2101e+02 3.7322e+01
6.6000e+00 2.2183e+02 3.7484e+01
6.8000e+00 2.2259e+02 3.7634e+01
7.0000e+00 2.2330e+02 3.7772e+01
7.2000e+00 2.2395e+02 3.7900e+01
7.4000e+00 2.2455e+02 3.8019e+01
7.6000e+00 2.2511e+02 3.8129e+01
7.8000e+00 2.2563e+02 3.8232e+01
8.0000e+00 2.2611e+02 3.8327e+01
8.2000e+00 2.2657e+02 3.8416e+01
8.4000e+00 2.2699e+02 3.8500e+01
8.6000e+00 2.2738e+02 3.8577e+01
8.8000e+00 2.2776e+02 3.8651e+01
9.0000e+00 2.2811e+02 3.8719e+01
9.2000e+00 2.2843e+02 3.8784e+01
9.4000e+00 2.2874e+02 3.8845e+01
9.6000e+00 2.2904e+02 3.8903e+01
9.8000e+00 2.2931e+02 3.8958e+01
1.0000e+01 2.2958e+02 3.9010e+01
1.0200e+01 2.2983e+02 3.9059e+01
1.0400e+01 2.3007e+02 3.9107e+01
1.0600e+01 2.3030e+02 3.9152e+01
1.0800e+01 2.3052e+02 3.9195e+01
1.1000e+01 2.3072e+02 3.9236e+01
1.1200e+01 2.3093e+02 3.9276e+01
1.1400e+01 2.3112e+02 3.9315e+01
1.1600e+01 2.3131e+02 3.9352e+01
1.1800e+01 2.3149e+02 3.9387e+01
1.2000e+01 2.3166e+02 3.9422e+01
1.2200e+01 2.3183e+02 3.9456e+01
1.2400e+01 2.3199e+02 3.9488e+01
1.2600e+01 2.3215e+02 3.9520e+01
1.2800e+01 2.3231e+02 3.9551e+01
1.3000e+01 2.3246e+02 3.9581e+01
1.3200e+01 2.3261e+02 3.9611e+01
1.3400e+01 2.3275e+02 3.9639e+01
1.3600e+01 2.3289e+02 3.9668e+01
1.3800e+01 2.3303e+02 3.9695e+01
1.4000e+01 2.3316e+02 3.9722e+01
1.4200e+01 2.3330e+02 3.9749e+01
1.4400e+01 2.3343e+02 3.9775e+01
1.4600e+01 2.3356e+02 3.9801e+01
1.4800e+01 2.3368e+02 3.9826e+01
1.5000e+01 2.3381e+02 3.9851e+01
1.5200e+01 2.3393e+02 3.9876e+01
1.5400e+01 2.3405e+02 3.9900e+01
1.5600e+01 2.3417e+02 3.9924e+01
1.5800e+01 2.3428e+02 3.9948e+01
1.6000e+01 2.3440e+02 3.9972e+01
1.6200e+01 2.3451e+02 3.9995e+01
1.6400e+01 2.3463e+02 4.0018e+01
1.6600e+01 2.3474e+02 4.0041e+01
1.6800e+01 2.3485e+02 4.0063e+01
1.7000e+01 2.3496e+02 4.0086e+01
1.7200e+01 2.3507e+02 4.0108e+01
1.7400e+01 2.3517e+02 4.0130e+01
1.7600e+01 2.3528e+02 4.0151e+01
1.7800e+01 2.3539e+02 4.0173e+01
1.8000e+01 2.3549e+02 4.0194e+01
1.8200e+01 2.3559e+02 4.0216e+01
1.8400e+01 2.3570e+02 4.0237e+01
1.8600e+01 2.3580e+02 4.0258e+01
1.8800e+01 2.3590e+02 4.0278e+01
1.9000e+01 2.3600e+02 4.0299e+01
1.9200e+01 2.3610e+02 4.0319e+01
1.9400e+01 2.3620e+02 4.0340e+01
1.9600e+01 2.3629e+02 4.0360e+01
1.9800e+01 2.3639e+02 4.0380e+01
2.0000e+01 2.3649e+02 4.0400e+01
