# Steps Temp KinEng PotEng Epair Ebond Eangle Bonds
501000000 312.46019362876739933 5270.7048028422459538 582.01658241112431824 -4107.6728458708093967 1892.1238402848537135 2797.5655879970795468 6138
502000000 311.91857103079979652 5261.5684940046867268 472.52576383095248502 -4227.8574863054982416 1902.3651667057497434 2798.0180834307002442 6144
503000000 312.44259373069718322 5270.4079206499545762 497.34347843978810033 -4155.3355652365089554 1884.8864639918574539 2767.7925796844397155 6141
504000000 312.00865735880432794 5263.088106586916183 463.21450299117873328 -4194.9056682300097236 1895.5288981555813734 2762.5912730656073109 6141
505000000 314.34739353420536645 5302.5388534136063754 513.06929190409528019 -4147.777699782694981 1907.1537913435854534 2753.6932003432048077 6129
506000000 308.67965610042915614 5206.9331682012843885 546.89139946951922866 -4171.9256710955432936 1957.3086660660735561 2761.5084044989889662 6136
507000000 315.6758047633162505 5324.9470308012923851 443.43191560947263952 -4293.4480386602936051 1931.1088897366935271 2805.7710645330721491 6137
508000000 307.97994323045924148 5195.1301287755886733 420.38233219005581986 -4216.7604048275516107 1906.8191431150789867 2730.3235939025285006 6145
509000000 311.05287954842481213 5246.9656602774748535 457.91326354377633834 -4188.2641010258212191 1870.5894271199063041 2775.5879374496907985 6136
510000000 308.89319536887052209 5210.5352348667956903 594.09421767809476478 -4212.4537433675823195 1953.1681180056923495 2853.3798430399847348 6128
511000000 311.46623564091714798 5253.9383178716516341 599.89360275901469777 -4104.368566748475132 1878.7710013869129853 2825.4911681205767309 6136
512000000 311.0465207655180393 5246.8583977579910425 558.63752868704239063 -4115.8180531753805553 1920.2797566728911534 2754.1758251895316789 6132
513000000 305.3936982902233126 5151.5043040920663771 627.25985984613623714 -4123.8875472212503155 1930.9171747510679324 2820.2302323163185065 6138
514000000 309.66899658952530672 5223.6217633370879412 513.85273264453917363 -4156.4026400093534903 1902.0407013674544032 2768.2146712864382607 6150
515000000 306.24446978599939939 5165.8554614565655356 541.36511097060633801 -4128.7666751324341021 1870.5186302648930905 2799.613155838147577 6143
516000000 309.33949063232432763 5218.063523706578053 504.19940780063518559 -4156.396592030404463 1878.8843222781322311 2781.7116775529066217 6136
517000000 314.43685219001520181 5304.0478781676292783 490.85188298063951606 -4163.9075154430011025 1891.3352232265706334 2763.4241751970703262 6133
518000000 310.65363109458888857 5240.2309760326697869 575.54208138016610974 -4146.7525609393833292 1931.4522041143154638 2790.8424382052335204 6134
519000000 311.5048473077174549 5254.5896350691691623 565.24643900040825883 -4094.4907227055259682 1913.774909778091569 2745.9622519278418622 6138
520000000 312.39883826777662534 5269.6698358210114748 709.89695809753425237 -4099.8933671532922745 1941.2597761593983705 2868.5305490914288384 6140
521000000 311.19477592452102499 5249.3592256859528788 685.41741588749687253 -4071.0171067782057435 1884.5071919007189081 2871.9273307649837079 6139
522000000 310.96955779967140643 5245.5601553514379702 718.75520340814023257 -4095.9810454885327999 1930.8730260627798998 2883.8632228338929053 6140
523000000 313.61979438192747693 5290.2654169098468628 558.91454563677666556 -4134.3309127146039827 1910.9550616922406334 2782.2903966591393328 6142
524000000 312.56387431907899099 5272.4537306209840608 551.1383195670321129 -4211.917328360047577 1946.2506469240411207 2816.8050010030383419 6145
525000000 312.38084963468827482 5269.3663962893569988 343.28190252466595211 -4248.2411708487315991 1874.0030248032796862 2717.5200485701170692 6148
526000000 308.92529855041431119 5211.0767643051030973 425.14330783228137989 -4175.0810600585309658 1877.4101871212180868 2722.8141807695947136 6140
527000000 311.58782348675924823 5255.9893107856751158 467.22371377457716335 -4212.4085317609460617 1909.7026642897328657 2769.9295812457899046 6145
528000000 315.35216880035693521 5319.4878086055568929 513.70845551813158636 -4181.4683293085809055 1914.1734024636562026 2781.0033823630556071 6145
529000000 312.64881336185294458 5273.8865167160647616 565.44757991026619948 -4147.3369658793817507 1944.3822906438210794 2768.4022551458269845 6151
530000000 312.90748275844543969 5278.2498566190924976 608.53372616714307242 -4070.292171082193363 1882.7348503183848152 2796.0910469309515065 6144
531000000 312.81514873850107961 5276.6923290609911419 709.73609700704537318 -4052.911939338240245 1917.2302951541691982 2845.4177411911164199 6143
532000000 308.09288075787560501 5197.0352046230473206 565.52417046168886827 -4161.3692241366443341 1917.4206233993756996 2809.4727711989571617 6141
533000000 319.80274158048308664 5394.5618686167972555 662.02933118441501392 -4148.7172670686250058 1976.4918553795218941 2834.2547428735178983 6134
534000000 306.33274145431346369 5167.3444636258800529 670.19990923391287652 -4126.3117727790549907 1944.4044515887753732 2852.107230424192494 6132
535000000 312.11667236100493028 5264.9101472899765213 671.27982927544530867 -4109.2747780849149422 1888.4892985496055644 2892.0653088107546864 6137
536000000 315.29103770039199617 5318.4566245099240405 675.22039289672716222 -4119.5644470594843369 1937.8476764680149245 2856.9371634881968021 6138
537000000 313.34957758561148466 5285.7072908022910269 687.05571958830080348 -4120.2656165284934104 1985.8526034286758204 2821.4687326881185072 6134
538000000 312.5821537398772989 5272.7620752772290871 526.3781140611263254 -4137.7671142533290549 1842.3900963313581087 2821.7551319830972716 6140
539000000 313.10552145052548667 5281.5904532991780798 486.73828505694092428 -4044.0328612257321765 1873.1607038151971665 2657.6104424674758775 6145
540000000 311.69063443578289707 5257.7235674169296544 651.72994390588564784 -4078.1230013940057688 1902.2989812740013349 2827.5539640258903091 6143
541000000 314.81703316047708086 5310.4609243982267799 587.08286042437202923 -4107.5753049374670809 1876.0679441489628516 2818.590221212877168 6132
542000000 308.00531515018064965 5195.5581125695553055 568.77848849996189529 -4218.1540511199709726 1883.9000949964161009 2903.0324446235172218 6135
543000000 307.52852411759124607 5187.5154087734781569 459.88318817577174968 -4145.2111245589439932 1868.3154539726187977 2736.7788587620971157 6129
544000000 306.054264979647769 5162.6470099264088276 677.38119087163249787 -4127.6765837338316487 1906.663930642053856 2898.3938439634098359 6134
545000000 312.45722227729390852 5270.654680884947993 528.21896810799717059 -4188.3317953400073748 1907.4860978159329079 2809.0646656320709553 6153
546000000 305.98318370769379726 5161.44798230906963 486.11049358466181047 -4170.5085001321067466 1858.7566330997747173 2797.8623606169935556 6148
547000000 309.44510479354835297 5219.845066053930168 652.72803251121558787 -4158.961743300345006 1989.4798330691869523 2822.2099427423736415 6143
548000000 312.67104000847501766 5274.2614447724727142 551.96489820918759506 -4195.768997586608748 1928.0020089013987672 2819.7318868943980306 6151
549000000 313.81359484416481109 5293.5345214163908167 476.57676615020596955 -4190.737805670054513 1879.0799198071185856 2788.2346520131422949 6149
550000000 310.6066678684791782 5239.4387813580815418 537.42405885952496192 -4119.9410974355505459 1850.6381611880919991 2806.7269951069824856 6128
551000000 315.81200016011496245 5327.244429787368972 477.14335013330332913 -4135.0743935496502672 1851.6895851321878581 2760.5281585507655109 6139
552000000 314.16613060558790949 5299.4812370902409384 457.79550476431705874 -4167.759375095132782 1833.2227288099952602 2792.3321510494538416 6143
553000000 314.00784104267034991 5296.8111447824167044 623.67454437485650942 -4162.3330578069326293 1975.463257602277281 2810.5443445795108346 6147
554000000 315.31406478966567875 5318.8450547564170847 524.78844385413242435 -4148.3985174290955911 1847.4724775331108049 2825.7144837501164147 6143
555000000 309.79414246976517688 5225.7327746130395099 503.21977146696269756 -4159.2294682264109724 1883.0401783206521031 2779.4090613727221353 6148
556000000 306.14540943275682139 5164.1844713904602031 475.64066401708129206 -4169.4146242052356683 1854.8375427299356488 2790.2177454923808 6146
557000000 315.49695449486398502 5321.9301122044844305 548.85309820902284628 -4146.8617534941122358 1936.6105438019783378 2759.1043079011565169 6145
558000000 315.49165730098002314 5321.8407569975970546 635.06230549515692019 -4129.9249827742460184 1936.4467190326897708 2828.5405692367135089 6150
559000000 309.57986377416261803 5222.1182349913906364 487.39354339149281259 -4253.2666496703286612 1938.2844246213503538 2802.3757684404708925 6139
560000000 312.76148702697372528 5275.7871416277021126 548.68496756211720822 -4111.9763376034698013 1880.9030923063505725 2779.7582128592366644 6142
561000000 317.405451524938087 5354.1234112797992566 519.46156579409739606 -4141.2510575855103525 1903.9882388010089471 2756.7243845785988015 6149
562000000 310.2380482472864287 5233.2207566385850441 607.31733629042230405 -4091.8150799450645536 1937.5243528713217529 2761.6080633641649911 6135
563000000 315.50057161171162079 5321.9911271930495786 479.60569905001227653 -4227.1248873938047836 1876.4919213984608177 2830.2386650453559014 6147
564000000 309.32314183265572183 5217.7877455476600517 662.5563091845613144 -4078.2702834677188548 1872.4082656847872386 2868.4183269674927033 6149
565000000 314.09011851093731593 5298.1990343632432996 635.84801418807546725 -4097.669644029754636 1957.5542845260906688 2775.9633736917385249 6150
566000000 312.85880497692693325 5277.4287401310639325 660.02197987899364762 -4117.2251436467986423 1894.1712815839232462 2883.07584194186893 6141
567000000 310.57778541476022838 5238.9515804581324119 652.0718315855090168 -4159.7945678557443898 1947.4780456656935712 2864.3883537755600628 6149
568000000 314.71747202657741127 5308.7814869616458964 482.16053689214209044 -4177.6195808664324431 1871.4000934830487495 2788.3800242755260115 6146
569000000 314.63125626433838988 5307.3271646467410392 492.0437494489343635 -4152.3802224423898224 1852.1834992543745102 2792.240472636949562 6143
570000000 312.06539698224293033 5264.0452134820252468 605.69879516055834756 -4132.0129646977638913 1880.2974541538756057 2857.4143057044470879 6136
571000000 309.37395846043335723 5218.6449409586384718 560.39102036343388136 -4160.9789417454203431 1918.6985222276882723 2802.6714398811654974 6133
572000000 314.45403671413947677 5304.3377536643592975 554.96569836042669976 -4157.4954839729934974 1875.0989600284740391 2837.3622223049460445 6145
573000000 305.44685510872255918 5152.4009747857444381 663.42283850743592666 -4071.1130077872694528 1919.8672724818106872 2814.6685738128949197 6149
574000000 310.16008382775805785 5231.9056213066669443 568.15040009920528519 -4114.5265326903208916 1938.2338417916757862 2744.4430909978500495 6144
575000000 314.69802623919582629 5308.4534675625764066 604.20920680865935992 -4142.5472610668057314 1948.1553532901682502 2798.6011145852962727 6141
576000000 312.51629978080649153 5271.6512240858191944 580.56772611740484535 -4128.8503535794316122 1851.5588338067909717 2857.8592458900457132 6143
577000000 308.33019851131967926 5201.03837638182722 653.46898844128872952 -4085.7729350908939523 1946.9890412066188219 2792.2528823255634052 6148
578000000 307.3622232906075169 5184.7101792262510571 446.22314220525419159 -4168.5969676849235839 1875.0144389080899145 2739.8056709820875767 6149
579000000 308.31160803713333962 5200.7247847513435772 485.2891322864568906 -4188.7972799221770401 1896.5272611557609252 2777.5591510528738581 6152
580000000 316.54374430083674952 5339.5877856310780771 701.83117969119018653 -4076.9131689771152196 1944.7774580655891441 2833.9668906027168305 6150
581000000 314.34972638432338954 5302.578204872038441 656.40248768261403711 -4112.4575300022042939 1925.4941132786930211 2843.3659044061246277 6146
582000000 316.15132313427187682 5332.9682668266832479 562.86353832700410749 -4150.2173685318211938 1923.8578634116281592 2789.2230434471971421 6147
583000000 311.75006416691917366 5258.7260521356829486 509.26840494081989164 -4259.2980679232805414 1892.6677236217421978 2875.8987492423584627 6147
584000000 315.54422121780299904 5322.7274263862236694 562.66357822723318804 -4115.7132998750166735 1903.9625868722439463 2774.4142912300058015 6153
585000000 307.64326779315041449 5189.4509514576257061 625.69553429230336405 -4137.5262657278753977 1916.1729453340778946 2847.0488546861006398 6141
586000000 310.67226740704688837 5240.5453408816410956 523.59654044133890238 -4176.3366552455863712 1885.1067954497768824 2814.8264002371488459 6149
587000000 312.84914431675770174 5277.2657802117182655 560.2781104853048646 -4137.3341862036950261 1915.3257010733038896 2782.2865956156965694 6154
588000000 311.05725545294887979 5247.0394748031712879 641.9869587891989795 -4040.5241328535266803 1878.5462345510777595 2803.9648570916474455 6148
589000000 306.53186662691354059 5170.703387498394477 662.95403559861188114 -4097.7555459761233578 1922.9729150179859971 2837.7366665567492419 6150
590000000 309.64464090547528485 5223.2109218170589884 523.80209154836438756 -4147.0427596710678699 1897.6378649209864307 2773.2069862984453721 6131
591000000 312.09168309250748052 5264.4886182114742041 494.01663625060984941 -4142.9158912656803295 1885.7604596788112303 2751.172067837479517 6137
592000000 309.4163368477837821 5219.3597967204250381 502.98252073010417007 -4189.8416761970356674 1939.859992369282736 2752.9642045578575562 6143
593000000 308.10323356826376084 5197.2098400119657526 619.42370670445518499 -4130.4108717881244957 1869.1076192481300495 2880.7269592444499722 6138
594000000 313.28234572095300337 5284.5731965426539318 612.28615513375302726 -4112.5021468650884344 1914.3575193992767254 2810.430782599565191 6143
595000000 313.43019130965950581 5287.0671156733578755 580.03604743068649441 -4165.3838666870851739 1942.7995773416596421 2802.6203367761113441 6143
596000000 314.06332449083049596 5297.747062005342741 551.52299276884389201 -4170.1541830690275674 1923.1956532263156987 2798.4815226115565565 6147
597000000 314.54784396392653889 5305.9201322587396135 448.87120455798719831 -4175.9382807139227225 1916.5574170773570586 2708.2520681945520664 6154
598000000 309.46687242375691085 5220.212251235999247 585.35301998534100676 -4197.9347386992058091 1937.2273365341234239 2846.0604221504240741 6142
599000000 311.27037319245766867 5250.6344309483192774 481.34581668021473888 -4215.2114190371266886 1849.7320789836485346 2846.8251567336928929 6142
600000000 312.69614954556220709 5274.6850025901439949 498.24080730043033327 -4259.4662654305784599 1905.9673182005269609 2851.7397545304820596 6139
601000000 311.64401804720881728 5256.9372233380408943 515.37074441723768814 -4107.9147022397974069 1912.6842079468842712 2710.6012387101504828 6150
602000000 311.07643174028822841 5247.3629481666303036 677.46761121596250632 -4142.2096212717597155 1967.0927954354870053 2852.5844370522354438 6143
603000000 313.39757833380707552 5286.5169868186576423 612.0801648718696697 -4140.7535113464737151 1887.4322745241515804 2865.4014016941923728 6152
604000000 310.38531479618353615 5235.7049082918101703 532.35170781524175254 -4143.7198865426425982 1896.5005306796538207 2779.5710636782309848 6144
605000000 306.65563883018785418 5172.7912270362248819 626.28115815457431381 -4119.5923863353027627 1903.3366322862739253 2842.536912203603606 6150
606000000 307.44095250454000734 5186.0382154192102462 674.82620029705367415 -4054.1519382202177439 1917.5092522330883185 2811.4688862841821901 6152
607000000 308.30125604698719144 5200.5501631985998756 625.78207922289891485 -4087.3664763494462022 1942.4149872993564259 2770.7335682729881228 6140
608000000 304.86113098898420048 5142.5207436587243137 775.55887410099535373 -4040.4305414707550881 1935.5420076536145189 2880.4474079181363777 6144
609000000 313.07127374595694391 5281.0127491799448762 595.41989629074907953 -4083.6148515841605331 1869.2960136951714958 2809.7387341797384579 6143
610000000 317.14083579417433612 5349.6597662092171959 612.67911052585304787 -4143.5194958509373464 1935.5215671546684462 2820.6770392221224029 6141
611000000 314.79713123383521634 5310.1252106578012899 634.2640380148445729 -4089.537371103888745 1922.6936215267810439 2801.1077875919522739 6139
612000000 306.99192868448568561 5178.4639001841542267 569.45304449096056487 -4153.2555043060547177 1914.163242998818987 2808.5453057981958409 6138
613000000 313.70506524047976882 5291.7038002075541954 619.59520256947234884 -4170.2063838950653007 1913.7479133786600869 2876.0536730858775627 6147
614000000 314.94799131809094206 5312.6699795175063628 607.98398081639652446 -4109.8322962532774909 1913.8330863821665844 2803.983190687507431 6151
615000000 308.94247049601415256 5211.3664276222007175 597.31040885092693316 -4176.8647300405191345 1932.2687609165004687 2841.906377974946281 6139
616000000 307.36726453866577913 5184.795217035530186 546.08903772566316093 -4133.0336190667003393 1936.1705263545145499 2742.9521304378486093 6138
617000000 315.21302981360969397 5317.1407559548033532 616.39391919669969866 -4105.169820118264397 1856.2208690927211592 2865.3428702222427091 6140
618000000 308.33579743859695554 5201.132821349515325 632.48281152922959336 -4087.9569217156667946 1960.1402217766108151 2760.299511468286255 6142
619000000 311.62509231181439873 5256.6179763860300227 566.63889177524310981 -4146.1572485838578359 1883.3597446394337567 2829.4363957196674164 6147
620000000 308.50316138802281785 5203.9559840756755875 599.38567161149762796 -4105.8529088881005009 1879.0585317047696208 2826.1800487948289629 6153
621000000 310.18358600197728947 5232.3020654779902543 551.78361283783533509 -4179.5613345903620939 1884.5989626669174868 2846.7459847612794874 6149
622000000 309.42657569193227118 5219.5325096807619047 497.32745555031999629 -4227.3113537901135714 1861.0843464924314503 2863.554462848001549 6142
623000000 312.16455572998103207 5265.717863306239451 545.23509465240226746 -4130.0468581087970961 1876.2590377455358066 2799.0229150156637843 6147
624000000 311.24381369929102448 5250.186414685611453 562.46518190046299424 -4182.5068964787596997 1928.7896667377535778 2816.1824116414691161 6144
625000000 313.27801877911889505 5284.5002079393952954 642.17966654059159737 -4124.5672597360389773 1906.0608640160307914 2860.6860622606000106 6149
626000000 313.30939838877901593 5285.0295318747939746 686.1958347956669968 -4015.5418670906806256 1936.0188103866428264 2765.7188914997050233 6141
627000000 315.97117058168458925 5329.9293807748672407 501.93335299692205353 -4184.8626340354803688 1873.7748660669337823 2813.0211209654680715 6146
628000000 311.37819688265892637 5252.4532445232707687 517.78375499857088471 -4132.0535259769230834 1860.2309902879812853 2789.606290687512228 6141
629000000 311.13664869984074812 5248.3787121724071767 577.20065691015952325 -4088.1895649346524806 1860.7320444478909849 2804.6581773969214737 6133
630000000 311.88893810742382584 5261.0686338793184404 560.6113175503421644 -4233.9649519223139578 1889.2006047137995211 2905.3756647588566011 6144
631000000 309.44922220986819639 5219.9145202961499308 515.5952988102199015 -4133.3625682329929987 1934.6557123398142721 2714.3021547033990828 6143
632000000 307.63547103722811471 5189.3194326282700786 599.02136781467493165 -4143.3045274040759978 1907.1483971894754177 2835.1774980292752844 6142
633000000 313.32168357946483184 5285.2367634353959147 530.87357958585346296 -4195.2279371032072959 1846.0079477594001673 2880.0935689296602504 6141
634000000 310.47905199792495523 5237.2861052874523011 494.96691582040335788 -4192.1061735678476907 1822.4348603041917158 2864.6382290840588212 6137
635000000 302.68374252203341257 5105.7916751744178327 686.07429654942757224 -4130.8502659516434505 1944.1259466771725783 2872.7986158238982171 6146
636000000 309.63284907472939267 5223.0120124512777693 487.35698538146141345 -4140.0923785269478685 1865.6216059094747379 2761.8277579989344304 6137
637000000 317.7053561678505389 5359.1823239798004579 581.52252504350053641 -4181.581346129602025 1869.0107843103096457 2894.0930868627933705 6143
638000000 315.33419063895939871 5319.1845457146146146 701.65654821060911672 -4102.3379715588507679 1967.0281372904782984 2836.9663824789822684 6146
639000000 319.67655433535327347 5392.4332911770952705 550.7678513154362463 -4177.639348934922964 1904.8995709897867528 2823.5076292605722301 6144
640000000 312.46406477797324897 5270.7701029512763853 475.75998268881289732 -4137.0087910462716536 1819.8621214056877307 2792.9066523293968203 6145
641000000 307.28365232761422021 5183.3848124740798085 537.17193219410478378 -4100.2607616058048734 1805.7205945226357926 2831.7120992772743193 6131
642000000 309.39505751760634666 5219.0008483805904689 601.48928833519198633 -4106.3313324606660899 1894.917300097555426 2812.903320698303105 6137
643000000 308.3292109479510259 5201.0217177638769499 641.32261442559251918 -4125.374206887485343 1917.8721433871562567 2848.8246779259216055 6138
644000000 314.32042860281376306 5302.0839980550936161 536.60024958888755009 -4137.9459640842451336 1931.5149853137941136 2743.0312283593389111 6136
645000000 313.35623411851247511 5285.8195758889896751 656.34051657285772308 -4077.1604248438311515 1950.8575795884307809 2782.643361828257639 6145
646000000 308.72205378892158478 5207.6483495425336514 622.01295688206653267 -4137.1825145739294385 1947.8306802281622367 2811.3647912278333934 6144
647000000 312.81513766719882597 5276.6921423057920038 665.08663128950286136 -4077.5781616642780136 1942.1985819673395781 2800.4662109864416379 6139
648000000 308.70898216575324113 5207.4278521210408144 637.43417748636943543 -4120.911151601309939 1914.072899919270867 2844.2724291684080526 6148
649000000 310.01309646084195037 5229.4261790079071943 607.23290818737427799 -4072.8712729357066564 1884.3733086166243993 2795.7308725064567625 6143
650000000 311.08660662608048142 5247.5345822515701002 562.23831950543842595 -4169.770027605973155 1917.7430694837748888 2814.2652776276372606 6139
651000000 305.86618576272149994 5159.474413697572345 468.44173300366264812 -4208.8876929323778313 1832.9038449583445072 2844.4255809776968817 6128
652000000 309.8974643560264326 5227.4756499400737084 668.09411187905175211 -4108.8583622469477632 1953.2250346885571162 2823.7274394374426265 6129
653000000 311.86846638485940275 5260.7233085910320369 603.17508837236744057 -4118.6266964796068351 1860.4824766504295894 2861.3193082015445725 6144
654000000 310.42805262524990439 5236.4258272617025796 572.66186922373549351 -4115.5812408436104306 1843.5490937937963736 2844.6940162735490958 6151
655000000 313.73466755237660664 5292.2031439661241166 623.12994029470598889 -4132.4157230299788353 1937.0606351678677584 2818.4850281568178616 6143
656000000 310.83110187096531263 5243.2246247997272803 632.43490169054405214 -4141.2115420316877135 1919.598237591331781 2854.0482061308998709 6145
657000000 313.46381052813279666 5287.6342182351818337 492.00089965142603887 -4232.3204608727210143 1856.2862070655589832 2868.0351534585888658 6150
658000000 309.56639108969301333 5221.8909723058104646 489.90039396791280524 -4170.3094426256002407 1897.8143984509349593 2762.3954381425774045 6145
659000000 315.1159805200488222 5315.5036892560246997 507.03660697787540812 -4216.4377155500496883 1952.8000664782555305 2770.6742560496686565 6147
660000000 312.25464085821062099 5267.2374556501790721 558.66882022674042219 -4075.8140715159502179 1882.0313213649183126 2752.4515703777724411 6143
661000000 313.2867124067546456 5284.6468555632154676 590.31130179412082271 -4186.3224007404705844 1867.1243574891991557 2909.5093450453923651 6146
662000000 316.49921017603708151 5338.8365660189219852 550.82742888741154275 -4125.4764318250681754 1862.0199202533403877 2814.283940459139103 6151
663000000 313.70778746208418397 5291.749719741554145 590.90242086588705206 -4170.7980055102379993 1914.930495441162293 2846.7699309349627583 6144
664000000 306.52411880539131062 5170.5726941142720534 620.62550522294952771 -4207.1852054496148412 1986.2902290694182739 2841.5204816031459814 6149
665000000 318.37991225691803265 5370.5610086600599971 521.22777818496740565 -4159.1785512002488758 1882.6094983690122717 2797.7968310162041234 6146
666000000 317.52408652593641136 5356.1245944138336199 542.98658398913278234 -4132.5328473661566022 1897.0646218356228019 2778.4548095196660142 6142
667000000 316.35664242477935204 5336.4316755829349859 599.96615738337459334 -4114.4627855506305423 1929.2830968333037163 2785.1458461007009646 6145
668000000 316.21157533166888243 5333.9846252386587366 480.95827319392174104 -4151.2376463000910007 1824.7597796733418818 2807.4361398206710874 6136
669000000 309.19039665274374329 5215.5485462141687094 431.42056079271333147 -4227.4936147898642957 1898.9559225824746136 2759.9582530001025589 6139
670000000 315.46659106716253973 5321.4179296369766234 570.24586552743494394 -4178.2135321526793632 1930.9338585732032243 2817.5255391069108555 6138
671000000 312.62202580362969684 5273.4346533598272799 566.29681996908470865 -4119.5997451538842142 1900.6566733702939018 2785.2398917526747937 6142
672000000 317.79274234788493914 5360.6563893750126226 631.71045246967469211 -4061.0097149384364457 1901.6398484270544031 2791.0803189810567346 6139
673000000 312.78515877640950293 5276.1864462622979772 661.47635843774673958 -4056.695714589079671 1936.7713317219909186 2781.4007413048357193 6132
674000000 313.01817279978121178 5280.1170209631964099 588.51809272075524859 -4166.8283693676257826 1874.6203149921925615 2880.7261470961884697 6143
675000000 311.50484751706864017 5254.5896386005888417 660.57215752552349386 -4093.9626489917527579 1928.5556504416024381 2825.979156075674382 6149
676000000 309.66987748515111889 5223.6366226404506961 550.71502404890088656 -4098.1234498100957353 1896.314969824772561 2752.5235040342240609 6146
677000000 308.09340143317865568 5197.0439875844504058 587.13448130627568844 -4181.9836027990322691 1925.2749931543512503 2843.8430909509565936 6148
678000000 311.92061117681163296 5261.6029080119824357 586.80724620159662663 -4165.7672559013280988 1880.155984749181016 2872.4185173537439368 6148
679000000 315.43913167686855559 5320.9547335459010355 510.06119355993757836 -4201.6020481408295382 1890.2965878305815295 2821.3666538701850186 6142
680000000 312.54157842527013145 5272.0776344750483986 516.99470899118807665 -4132.8769993938294647 1869.3703034683844635 2780.5014049166338737 6138
681000000 312.43065841814217265 5270.2065909750399442 528.9871397385165892 -4187.853271810365186 1843.0865758352899775 2873.7538357135917977 6148
682000000 312.72686087745785244 5275.2030537461778295 582.22226283748591413 -4163.9916115076312053 1900.2543137513209786 2845.9595605937961409 6147
683000000 311.36647154644708735 5252.255456814158606 623.29807746441940708 -4218.6610507088898885 1951.5053070398901127 2890.453821133418387 6143
684000000 310.75971348300953423 5242.0204166255725795 613.29188022412154169 -4061.3140307642534026 1874.8121772524762036 2799.7937337358985133 6142
685000000 317.67007362338915755 5358.5871637631043995 532.60561752317266837 -4160.9864778646015111 1922.461478972990335 2771.1306164147840718 6141
686000000 316.41149254767100274 5337.3569096193223231 454.90730720223547223 -4188.0838368864242511 1882.0300638913145121 2760.9610801973453817 6143
687000000 309.6316709993495806 5222.9921401997426074 577.23614163861896031 -4243.5261540941437488 1926.4289810906486764 2894.3333146421141464 6147
688000000 306.80843472894804336 5175.3686499972009187 545.99027262014897133 -4206.0207335027471345 1920.4972111300771758 2831.51379499281893 6142
689000000 310.62686576557308626 5239.7794876476855279 501.18140311063598347 -4221.2376110639133913 1896.9165282870637839 2825.5024858874858182 6148
690000000 312.25880622675032328 5267.307718769819985 673.96893658726412468 -4139.7563404307093151 1929.5259753365421602 2884.1993016814312796 6146
691000000 311.39486564717265082 5252.734419978484766 750.50853895308227948 -4076.5991987265520038 1909.4658547110730069 2917.6418829685608216 6151
692000000 310.68498488470447683 5240.759864433558505 624.16407808624444442 -4147.7426046472755843 1902.1085164749490559 2869.7981662585702907 6159
693000000 311.77522255220105762 5259.1504339444409197 651.72203042670855666 -4099.7940954858513578 1889.8424955893979131 2861.6736303231623424 6153
694000000 316.32239971255938826 5335.8540556766547525 594.13256027290606198 -4158.2194947999387296 1892.056208231692608 2860.2958468411525246 6149
695000000 316.48962252438695941 5338.6748376367768287 707.57201689265230016 -4078.1369139834196176 1938.6656270990542907 2847.043303777017627 6162
696000000 314.07609750604353849 5297.9625223871862545 620.06679390043632338 -4149.2215577122151444 1902.229610996448173 2867.0587406162030675 6157
697000000 308.60953824107343735 5205.7503918169422832 672.14985713604141893 -4020.7557324304343638 1902.81903922465699 2790.0865503418190201 6145
698000000 310.13347323970248226 5231.4567431547275191 659.42490274538738504 -4091.3517664862201855 1892.126529558407583 2858.6501396731991917 6145
699000000 315.15392181641607294 5316.1436983741987206 714.14456025001231865 -4079.4053575835164338 1911.0183554391196594 2882.5315623944088657 6158
700000000 314.80676192461328355 5310.2876650413472817 630.54202865489446594 -4119.4588129728517742 1936.0331161817796328 2813.9677254459670621 6147
701000000 307.42536573783013409 5185.7752915401570135 623.25488787673691604 -4133.9471026927240018 1916.4253793353509536 2840.7766112341096232 6145
702000000 308.04008246167808238 5196.1445816284240209 637.96023685897262112 -4128.6950456710928847 1945.9301784942390441 2820.7251040358264618 6150
703000000 317.02441705494112512 5347.695967874168673 416.554676800006348 -4191.5445328310997866 1851.8131546028882894 2756.2860550282175609 6156
704000000 312.68691785011060347 5274.5292786209874976 628.04308139985778325 -4183.7080423336410604 1945.099712227936152 2866.6514115055624643 6154
705000000 315.61937871393445221 5323.9952134000805017 597.10890008058345302 -4121.1836252570119541 1908.8502938127703601 2809.4422315248252744 6154
706000000 315.23364730054709071 5317.4885400554321677 641.52460196357696987 -4109.7390888932968664 1904.9904180469020503 2846.2732728099708766 6153
707000000 307.42228458582945905 5185.72331742319966 732.90253108450565378 -4059.3388266540760014 1927.8815874703855116 2864.359770268196371 6151
708000000 313.10406586531490802 5281.5658998996832452 696.54123454978048358 -4107.1230726660360233 1929.5415928086060831 2874.1227144072099691 6141
709000000 312.87289751606283517 5277.6664587756222318 569.87460283081736634 -4144.3898714124234175 1904.8273940535775637 2809.4370801896629928 6139
710000000 312.3211326188189787 5268.3590655356429124 686.50386259196352512 -4038.4356527499840013 1929.4441611224976896 2795.4953542194498368 6141
711000000 310.54475324729429531 5238.3943805099115707 639.85444370077118492 -4154.4561097961613996 1911.5636275131332695 2882.7469259837998834 6149
712000000 308.53457304453542065 5204.4858485903305336 549.77100852823264177 -4181.6993348520463769 1916.9801479079976616 2814.4901954722818118 6142
713000000 305.82943571831850704 5158.8544990988839345 654.49392315252418939 -4148.0312609504735519 1926.0260658860893273 2876.4991182169087551 6156
714000000 307.48415460440833158 5186.766965896588772 677.3234904812413788 -4133.4010445239418914 1975.6715757305357783 2835.0529592746479466 6148
715000000 315.48950517884560441 5321.8044541318195115 472.83673875488557314 -4226.943749756372199 1858.2835812435350817 2841.496907267721781 6148
716000000 303.91035507755094613 5126.4826714018408893 613.17369847148484041 -4046.0628853786297441 1859.6005806872619814 2799.6360031628528304 6146
717000000 313.62621690701257648 5290.373754658150574 588.08494726687899856 -4125.4539814142199248 1919.9527038197320508 2793.5862248613666452 6139
718000000 314.08126389984028037 5298.0496712053491137 541.78090572166354377 -4073.347805296538354 1881.2321916688013062 2733.8965193494004779 6133
719000000 317.37314378131281956 5353.5784312056430281 604.74516987252013678 -4069.8721873301874439 1873.4036789091678656 2801.2136782935394876 6136
720000000 309.52368569858685987 5221.1706005125379306 620.3413694856692473 -4040.6448911084171414 1928.5465127395768832 2732.4397478545097329 6133
721000000 315.19936587811986328 5316.9102671697346523 670.01933662395254032 -4062.3814502258383072 1968.7685214132654892 2763.6322654365253584 6155
722000000 307.73039102613461182 5190.9205813557455258 526.1563922853878239 -4120.0158903592946444 1870.1157348508759242 2776.0565477938062031 6136
723000000 306.38751502078713429 5168.2684062776752398 621.48468406327720004 -4092.6208459343397408 1879.3250259623073362 2834.7805040353100594 6140
724000000 315.54604146041708645 5322.7581309741490259 629.71531073199844286 -4128.037123117606825 1933.5940913123633891 2824.158342537241424 6141
725000000 308.88725149897499023 5210.4349712676403215 541.93917882862274382 -4200.5228844226785441 1949.8935674990013922 2792.5684957522998957 6150
726000000 314.02372786197872756 5297.079130069943858 602.58156704373459434 -4108.5671754654813412 1947.8073297801411172 2763.3414127290748183 6148
727000000 316.08488636085883172 5331.8475844874492395 450.54959343703546892 -4193.2106084021133938 1843.0306398703824016 2800.7295619687665749 6137
728000000 319.79688210396921022 5394.4630285993052894 458.06103712873698441 -4242.4370357394063831 1896.1813276267630499 2804.316745241380886 6156
729000000 314.77657369860332892 5309.7784378467658826 585.87925150052103618 -4135.8408178540139488 1949.9216174644857347 2771.798451890049364 6148
730000000 316.08652795903708466 5331.8752756288449746 586.05386225963616198 -4084.2610562218387713 1930.31995723533214 2739.9949612461427932 6146
731000000 314.21250216773881903 5300.2634513380962744 540.79720971189897227 -4145.6163754069402785 1933.0362592152214347 2753.3773259036179297 6142
732000000 308.67235364094489114 5206.8099873639775979 513.61669593698536573 -4205.348241005662203 1885.6242668316772324 2833.3406701109702226 6152
733000000 314.52955711465330069 5305.6116622959771121 469.54952078720725694 -4183.7151894765720499 1880.9296153055390732 2772.3350949582395515 6154
734000000 312.30126323459313653 5268.0239007338404917 570.56958298721087885 -4186.5774459988824674 1920.8589795186112497 2836.288049467482324 6153
735000000 306.68875084932221853 5173.3497739546546654 582.04363136511278753 -4118.9089787646953482 1921.8672254631358101 2779.0853846666723257 6152
736000000 308.14266846972145686 5197.875043864331019 604.68397185711398834 -4086.1166414670315135 1936.7370824573349637 2754.0635308668106518 6158
737000000 309.84995965112960903 5226.6743213825075145 606.47554098450609672 -4093.1139408562503377 1856.3581644896664784 2843.2313173510901834 6151
738000000 315.28296650994491301 5318.3204764081128815 661.64411910856699706 -4063.596514391470464 1934.3056474420382074 2790.9349860579995948 6155
739000000 314.95257845870906976 5312.7473572589924515 525.73807714863221463 -4190.1286180878450978 1925.3099722513311463 2790.5567229851458251 6157
740000000 312.38762914421727146 5269.4807557955082302 541.91893548538837422 -4185.3289019681833452 1886.62863947338451 2840.6191979801878915 6155
741000000 313.28463173017280496 5284.6117578698876969 495.98256808136562768 -4233.1431184726616266 1904.6166822229367881 2824.5090043310910914 6161
742000000 306.66807062311835352 5173.0009315427278125 465.67073417069786956 -4248.9264534591784468 1910.9456263444276374 2803.6515612854482242 6158
743000000 305.28771152055821858 5149.7164764349690813 600.25028631970849347 -4130.890901916218354 1858.0928162054042332 2873.0483720305228417 6152
744000000 317.213342062552897 5350.8828312420491784 587.89018337957816129 -4135.0829716326861671 1906.6183512966947546 2816.3548037155692327 6144
745000000 306.38662305497632588 5168.2533602379589865 680.91311360340932879 -4088.9102425658620632 1932.9854635620795307 2836.8378926071918613 6151
746000000 308.78348083821992986 5208.6845258311068392 604.37903561694315613 -4105.621771269974488 1921.890659859752077 2788.1101470271651124 6156
747000000 312.33659045538087184 5268.6198145688631485 659.6673809617493589 -4097.8732542471498164 1980.1305133196824499 2777.4101218892160432 6156
748000000 308.8766519211206969 5210.2561733053917123 600.26004031516163195 -4176.6422819727222304 1953.2953155059556138 2823.6070067819277938 6157
749000000 320.37526076406027187 5404.2193535448923285 502.57671350843884284 -4183.4650648253746112 1901.542086014276947 2784.4996923195362797 6148
750000000 311.09714490591096592 5247.7123462139852563 492.02336089881100634 -4200.3231411416400078 1878.8025839411725428 2813.5439180992784713 6157
751000000 309.8593871518436913 5226.8333482739508327 553.4667676641718117 -4187.3249624283298544 1885.9705036732791541 2854.821226419222512 6148
752000000 314.23158858258432247 5300.5854086960143832 746.32017768106311451 -3995.2147795423852585 1927.2313174690907545 2814.303639754357846 6156
753000000 310.77945187296796803 5242.3533717631416948 624.81036110150341756 -4104.1355381048488198 1882.7980259755913721 2846.1478732307614337 6145
754000000 313.24614751537222901 5283.9625905842012799 605.1752635418013142 -4105.8663038362683437 1843.661748668038399 2867.3798187100310315 6146
755000000 311.31529929946935908 5251.3922626748171751 524.16337797551250333 -4134.8184192923190494 1889.8780943585193199 2769.1037029093122328 6144
756000000 311.14193611826203778 5248.4679024828401452 463.11429645628618346 -4198.0244650550466758 1908.5062544532822812 2752.6325070580505781 6159
757000000 307.01630375446359267 5178.8750687138481226 657.7608411591525055 -4122.2978378752595745 1960.1133193361288249 2819.9453596982830277 6144
758000000 310.44046657489212748 5236.6352307804090742 645.8342618719773327 -4138.3106051806289543 1924.6271731522508617 2859.5176939003549705 6150
759000000 311.56781217827921182 5255.651751948205856 584.77885218743847417 -4166.4394607701242421 1920.8434781557159567 2830.3748348018471006 6160
760000000 309.23760848022863001 5216.3449343972060888 546.74456309241247709 -4248.8281844472621742 1938.8109056780785977 2856.7618418615961673 6154
761000000 313.7622807450587743 5292.6689344580308898 647.40812121862859385 -4113.4430369429355778 1953.2669428376370888 2807.5842153239268555 6150
762000000 311.8331253111362571 5260.1271610790981867 507.7454894360413391 -4149.139502334757708 1859.2619061198256531 2797.623085650973735 6156
763000000 312.88445520738696359 5277.8614185830283532 553.17887729140636566 -4156.5143966512596307 1883.7973681764913181 2825.8959057661750194 6155
764000000 315.85471690429869795 5327.9649930889409006 546.65630319109072843 -4130.7698927395986175 1878.5896199225571763 2798.836576008132397 6156
765000000 311.2169916328687691 5249.7339692311297767 603.27820823155900598 -4107.0033176601327796 1867.6223048280539842 2842.6592210636376876 6166
766000000 308.72131090958771438 5207.6358183537522564 591.16232802537865609 -4134.6934897345372519 1942.2578453354949488 2783.5979724244211866 6154
767000000 307.7187151114069934 5190.7236273081980471 580.9621725601102753 -4180.0120483167211205 1929.2266397752073317 2831.7475811016238367 6155
768000000 312.99161807551365655 5279.6690851442053827 566.47959031830464482 -4135.0855467344727003 1847.6679558103232921 2853.8971812424542804 6141
769000000 305.8787476303641597 5159.6863123568800802 619.40816052445620699 -4085.4731236734069171 1834.456187585191401 2870.4250966126710409 6153
770000000 320.58218618750532869 5407.7098552005300007 594.57818249762146934 -4147.0185582150097616 1933.8914112997645134 2807.705329412867286 6142
771000000 311.56053073904672601 5255.528925688999152 540.10756930058141734 -4241.0862639174210926 1952.4391931854652285 2828.7546400325372815 6163
772000000 309.94159779109236297 5228.2201105558933705 464.6902449157493038 -4212.3430258300995774 1911.37456973606254 2765.6587010097860002 6153
773000000 312.44110444120764214 5270.3827987130634938 615.60012937601754857 -4155.1660944131808719 1869.7127558333397701 2901.0534679558581956 6152
774000000 312.22571002603348234 5266.7494386828484494 526.49065267383718947 -4133.2363024785281596 1867.5301517117209187 2792.1968034406449988 6149
775000000 307.63946189073396908 5189.3867519578034262 483.07644562031782698 -4180.1887755909083353 1831.3169710441552525 2831.9482501670704551 6148
776000000 313.00614994218517495 5279.9142145431551398 555.04618347217990504 -4202.0762222662924614 1930.9981529048504854 2826.1242528336219948 6162
777000000 308.38363131117358762 5201.9397024405116099 595.5793950556208074 -4079.1691912140831846 1879.1401031710761345 2795.6084830986278575 6150
778000000 312.66438778786277908 5274.1492324272030601 638.40547944459376595 -4173.2435561691509065 1959.8051770227907582 2851.843858590954369 6143
779000000 311.45626380136349098 5253.7701088527091997 561.75725949952118299 -4154.8842768348258687 1894.0182557262312457 2822.6232806081156923 6154
780000000 308.89895671269556487 5210.6324195424394929 552.13531508256210145 -4100.6663339678289049 1912.7189690871728089 2740.0826799632177426 6149
781000000 313.67533331232101546 5291.2022700295046889 447.72272648977275367 -4245.8306042176427582 1886.0016445656781343 2807.5516861417368091 6145
782000000 315.41554431251432788 5320.5568523529582308 634.37152271549075522 -4058.2944271385695174 1913.7145906497325996 2778.9513592043276731 6147
783000000 306.29570759229824262 5166.7197614770257132 575.40929525942465261 -4160.307385105314097 1946.0690326706942415 2789.6476476940442808 6143
784000000 319.81788969764085095 5394.8173931779583654 558.42998781745745873 -4157.264137078076601 1899.4291233107946937 2816.2650015847393661 6150
785000000 309.99051420945534119 5229.0452524666416139 527.31553442864378667 -4157.02012390064192 1848.9488781573609231 2835.3867801719243289 6155
786000000 306.47565900117427873 5169.755254555443571 546.15832156321096136 -4143.6425355161100015 1859.5769203932979963 2830.2239366860230803 6143
787000000 309.18327531069473935 5215.4284205389440103 591.41343247940085348 -4157.3888874460553779 1913.0341636159116661 2835.7681563095447927 6141
788000000 311.91778854319176162 5261.5552946875322959 477.93751333688874183 -4198.2470962820852947 1882.9604329709031845 2793.2241766480706247 6153
789000000 307.29501169296838725 5183.576426838885709 454.34891320530152825 -4226.614125341469844 1835.935464121846735 2845.0275744249247509 6145
790000000 310.91444337307859769 5244.6304629334208585 543.45568754610803808 -4201.8758603460591985 1865.0322080315934272 2880.2993398605731272 6156
791000000 315.93606606183141139 5329.3372235491970059 636.46484263345905674 -4103.288818592654934 1952.4638751423776739 2787.2897860837365442 6153
792000000 307.5296679427883646 5187.5347032790923549 539.38231674188477882 -4155.0848900128276 1906.2461911531554506 2788.2210156015571556 6141
793000000 312.15273028346848605 5265.5183868961221378 549.93240594908490948 -4143.2149793534299533 1821.7293692879643459 2871.4180160145506306 6153
794000000 316.68187866551573961 5341.9178919108435366 479.11945554398857894 -4120.5077489615923696 1849.5389576204199784 2750.0882468851609701 6157
795000000 308.57367411005481017 5205.1454211631944418 404.00419581115625078 -4181.6625368223103578 1850.2474466955386561 2735.4192859379272704 6155
796000000 315.92085256577365726 5329.0805961503328945 489.47670361052394128 -4126.5531490144439886 1812.2351703500614803 2803.7946822749063358 6149
797000000 308.94074559633429544 5211.3373313174151917 516.59873427035631721 -4170.9563180043060129 1875.9228719237717087 2811.632180350890394 6153
798000000 311.26750244899466225 5250.586006087595706 564.7945032280858868 -4150.5633688705975146 1933.5805390195994278 2781.777333079084201 6152
799000000 314.67630983095421016 5308.0871464133442714 474.8664176560555461 -4273.7146848537349797 1921.6131331891233458 2826.9679693206662705 6157
800000000 309.89487075578625763 5227.431900043218775 610.14436221528444548 -4116.9041882608944434 1927.6056618666589202 2799.442888609520196 6154
