# Steps Temp KinEng PotEng Epair Ebond Eangle Bonds
501000000 312.55750826726051628 5272.3463454865604945 572.8451792202172328 -4145.0962851767644679 1923.3524833012984345 2794.5889810956828114 6130
502000000 311.79320348028142007 5259.4537435049069245 711.66708885818513863 -4113.5244530591826333 1949.1786646314035352 2876.0128772859638957 6136
503000000 317.54073523319357264 5356.4054315351395417 498.30401640536979357 -4242.0244786083258077 1906.5436339801074155 2833.7848610335886406 6135
504000000 312.07484785404028571 5264.2046346063443707 565.71557088737881713 -4160.9828075926916426 1924.7577832488527747 2801.9405952312172303 6133
505000000 310.06347590173095341 5230.2759997737921367 559.05701686815405083 -4166.1541264730467446 1944.7043285797012686 2780.5068147614992995 6133
506000000 318.25798323326046102 5368.5042606207834979 598.26280846437884975 -4173.4946392326273781 1903.2578320831516976 2868.499615613854985 6131
507000000 314.66775789408586661 5307.9428888866423222 640.0724819817912703 -4078.8596045460976711 1888.1933905571258947 2830.7386959707628193 6132
508000000 308.78210081928483532 5208.6612471140815614 650.67884167112754312 -4057.8103152860685441 1875.1035277522637443 2833.3856292049322292 6136
509000000 313.47215429317571989 5287.7749642354165189 586.28963906691069496 -4092.6998856263562629 1925.9612823091961218 2753.0282423840708361 6139
510000000 309.48134166431560743 5220.456324232372026 520.14507195339365353 -4155.270953662606189 1899.9668040636113346 2775.4492215523882805 6136
511000000 308.38755838344428639 5202.0059458823970999 670.0020958382082199 -4035.6479435788578485 1876.5768529036354266 2829.0731865134312102 6133
512000000 312.33383327290391662 5268.5733053007388662 559.31449513112579552 -4123.7782427843412734 1862.2495206089490694 2820.8432173065179995 6134
513000000 310.30048792345678521 5234.2740143264109065 574.30309992777017669 -4069.8411083638011405 1879.4945902279168877 2764.649618063654998 6145
514000000 319.90503569708710074 5396.2874071099595312 617.87102425820376084 -4115.3615319055525106 1923.1089686476113911 2810.1235875161451077 6131
515000000 307.06661478780688412 5179.723735553609913 711.96023931426680065 -4110.2073776996048764 1989.1307574999348162 2833.0368595139370882 6144
516000000 310.089841495265091 5230.7207452591492256 562.77210251928363505 -4186.6434110595737366 1959.2380305173126089 2790.1774830615445353 6134
517000000 311.5509320410736791 5255.3670109730155673 656.44623863114952655 -4093.2927854025947454 1881.9332101486288593 2867.8058138851147305 6141
518000000 311.23866126244303132 5250.0995012988996677 581.65314767594691148 -4110.6961692536588089 1920.7507179175615875 2771.5985990120443603 6133
519000000 311.02738700896890123 5246.535641821086756 692.5821367223247762 -4093.7534964432611559 1921.6819547572968077 2864.6536784082891245 6128
520000000 307.82299012400818583 5192.4825803554676895 627.96419228858940187 -4067.2330616993026524 1908.2268659489388938 2786.9703880389529331 6136
521000000 307.63636898460265456 5189.3345795674204055 700.69713536838094115 -4060.4780260107900176 1935.7758138088008764 2825.3993475703700824 6133
522000000 319.63921191437754032 5391.8033841310143544 677.44256079255103487 -4131.0572264627835466 1908.0746532926059444 2900.4251339627289781 6139
523000000 313.51285831455305697 5288.4615761154027496 605.45744193457085203 -4111.6251299865671172 1927.982294108331871 2789.1002778128058708 6138
524000000 314.12611310799923103 5298.806205770926681 666.58179320201634255 -4109.3946664711920675 1921.5165806621757838 2854.459879011033081 6145
525000000 317.09486838239206463 5348.8843693330863971 571.8687328733292361 -4124.9183619100149372 1891.0538355953576684 2805.7332591879862775 6142
526000000 311.61359789831180933 5256.424083974486166 520.92156905702404401 -4147.2983699364194763 1886.1110373895753582 2782.1089016038686168 6128
527000000 310.68602157773318595 5240.7773517904661276 594.35657038526039742 -4130.741971434741572 1906.6251993852190481 2818.4733424347828077 6145
528000000 314.24949621641707154 5300.8874818994954694 645.24625150412384755 -4086.9123147776299447 1920.240725342966698 2811.9178409387873216 6145
529000000 309.31373386786009405 5217.6290481959831595 707.69418159842098248 -4029.35772080492643 1949.9282843436035364 2787.1236180597443308 6139
530000000 314.9553350037156747 5312.7938557740089891 414.74116500610062985 -4162.797884295345284 1850.5163351481548943 2727.0227141532909627 6140
531000000 313.48474380687866869 5287.9873292396396209 584.31442576152255697 -4094.5311572296614031 1883.9330804742210148 2794.9125025169632863 6136
532000000 311.31495126863967471 5251.3863919501518467 543.19609219087408292 -4190.2570841228625795 1949.9954752738101433 2783.4577010399261781 6124
533000000 310.3508564299839918 5235.1236506470622771 596.90576197202983622 -4140.6218574382819497 1919.3190271245855456 2818.2085922857254445 6135
534000000 316.19482800317547344 5333.7021245344894851 545.49086937708318601 -4210.1773266383261216 1869.0133789768915449 2886.6548170385171943 6122
535000000 309.63821511917558382 5223.1025290572697486 681.59351389817550171 -4110.3065257633134024 1888.8609831330909401 2903.0390565283978503 6142
536000000 309.10661241214103256 5214.135239788736726 576.45884573952275787 -4107.6345708589533388 1854.8444155614402007 2829.2490010370356686 6136
537000000 311.56317488036853547 5255.5735281332417799 518.75927464049698301 -4121.8762448269808374 1895.7432543740605979 2744.8922650934173362 6138
538000000 312.03704351533048111 5263.5669357452770782 518.79320798047262997 -4159.7473441261481639 1855.1481871179564678 2823.3923649886637577 6128
539000000 312.5990998423907854 5273.0479289818886173 597.60905743534431167 -4117.8453996828611707 1861.3154607732797103 2854.1389963449255447 6128
540000000 313.75767275791685051 5292.5912050689576063 518.67931020229536898 -4106.5172989004340707 1852.7688370244163707 2772.42777207831341 6135
541000000 311.68443836249218748 5257.6190495489963723 604.83660469396465942 -4132.2779476309497113 1904.717117787541838 2832.3974345373726464 6121
542000000 308.29413752847767682 5200.4300851519801654 451.80472298538393261 -4162.249686952302909 1826.5576235610089952 2787.4967863766778464 6132
543000000 308.89752149846151497 5210.6082097688085923 679.90354269838519485 -4094.6815994257849525 1896.7104277506468861 2877.8747143735236023 6129
544000000 315.57027790516298182 5323.1669611174147576 496.95211384694107437 -4126.931558135922387 1864.4803335956862611 2759.4033383871774276 6136
545000000 316.61152993524382282 5340.7312211025973738 514.94012479984144193 -4194.7122070282039203 1891.7872823878110466 2817.8650494402336335 6138
546000000 311.32214213822226156 5251.5076904439074497 578.26781647427571897 -4167.4374632927756466 1937.8282286333230786 2807.8770511337284006 6130
547000000 313.5169047444068724 5288.5298329292299968 532.48036455665192079 -4210.2715120294278677 1938.1123757248412858 2804.6395008612389574 6139
548000000 316.16162377366316605 5333.1420221741454952 544.16380394054112912 -4120.1983029768089182 1881.1839825812155595 2783.1781243361342604 6138
549000000 312.57737556201550433 5272.6814750423236546 532.31770068302625987 -4130.8954490906999126 1855.0416121587927591 2808.1715376149340955 6124
550000000 314.67069954577306135 5307.9925098559442631 577.83095016914330699 -4138.5303023582719106 1913.8014885719255744 2802.5597639554898706 6130
551000000 312.01960797284056071 5263.2728259693258224 516.21459494885721142 -4164.734230236208532 1867.9694668439487941 2812.9793583411169493 6132
552000000 310.06904131601601193 5230.3698794307865683 620.28366994415580393 -4067.3556708764117502 1897.2154013899353231 2790.4239394306314352 6132
553000000 315.80412748187063698 5327.1116302696073035 502.53945943790483852 -4177.5445157600743187 1896.7254632382132513 2783.3585119597664743 6133
554000000 312.82623783118896199 5276.8793843572530022 537.14487072392194023 -4207.5370152273444546 1942.5995244612154238 2802.0823614900514258 6118
555000000 315.97902557675502067 5330.0618820057061384 491.95540465017222687 -4164.3543209858198679 1910.6389632720856753 2745.6707623639063058 6125
556000000 316.41548841772527112 5337.4243135700207858 455.74370107431138877 -4226.3861210076483985 1873.3207470838501649 2808.809074998109736 6126
557000000 304.69022204377864682 5139.6377825113158906 517.09271335482856102 -4188.5996248316268975 1889.2366030868392954 2816.4557350996165042 6133
558000000 308.4392845115127102 5202.8784831117845897 567.11913682413751303 -4084.1602338094617153 1926.8938594592614209 2724.3855111743378075 6117
559000000 310.44334635957301316 5236.683808152049096 488.19384316747260755 -4152.1138093975550873 1868.6832285075645359 2771.6244240574633295 6128
560000000 315.83460033052045901 5327.6256585938863282 569.68507339251868871 -4143.5364490072561239 1894.7954889571572039 2818.4260334426176087 6138
561000000 311.15670773983987374 5248.7170761644274535 615.83646155559404178 -4118.2662910720873697 1921.8239311112515679 2812.2788215164300709 6144
562000000 309.34126455205546335 5218.0934469013955095 497.29199707049707513 -4146.1300171755447082 1830.1640776847225425 2813.257936561319184 6137
563000000 317.52057957509515518 5356.0654377499795373 576.8755220843255529 -4136.3731014539698663 1912.6352238403101182 2800.613399697985642 6125
564000000 316.36360702605151118 5336.5491572914006611 620.67884545830247589 -4097.6743576784465404 1889.5448896949988011 2828.8083134417515794 6129
565000000 313.13547874905390245 5282.0957851156890683 614.75699280140077008 -4071.7631189505245857 1878.1414509560524948 2808.3786607958727473 6131
566000000 313.52877610941578723 5288.7300839110976085 543.2109951046840024 -4135.3765061543817865 1892.5924330365853621 2785.9950682224798584 6131
567000000 313.05445565660266993 5280.7290548529817897 483.77582212891616109 -4296.6604346588655972 1920.2862976248559335 2860.14995916292537 6148
568000000 312.18738247379269524 5266.1029140445243684 749.68860329088533945 -4034.8582945628968446 1957.5036009761736295 2827.0432968776080997 6134
569000000 311.08787185663214814 5247.5559246717612041 587.36728783328965164 -4147.8880371298600949 1864.804734336452384 2870.4505906266977036 6127
570000000 308.34873506510126617 5201.3510584611349259 671.62611453992667521 -4114.7421753245989748 1954.0596593066306923 2832.3086305578949577 6130
571000000 306.21159483835265291 5165.3009135557831542 555.93749847791809771 -4159.2732105311988562 1920.1111693577431652 2795.0995396513735614 6133
572000000 312.28356898224416227 5267.7254269354498319 626.23098212761317427 -4217.9490420494494174 1955.1746300942654671 2889.0053940827974657 6133
573000000 315.91412666843677925 5328.9671409963011683 567.29306709642150963 -4175.0207795845190049 1946.5656348105937923 2795.7482118703464948 6130
574000000 314.41236843646004218 5303.6348763194382627 651.5214101437759382 -4132.6476388184128155 1932.2947222307884658 2851.8743267314007426 6135
575000000 311.85420664483490327 5260.4827695343237792 535.02456298099957621 -4097.7652114432776216 1845.4918908728971019 2787.2978835513799822 6129
576000000 314.13629505552540877 5298.9779589760473755 527.37706818782453411 -4142.6533075535307944 1884.758905496970101 2785.2714702443845454 6133
577000000 308.92311982040843077 5211.0400126069980615 603.06087197608530914 -4046.7338722246649922 1905.8532956461033336 2743.9414485546471951 6121
578000000 308.92900016133984309 5211.1392045739157766 587.98397227099860629 -4142.6548645817410943 1928.8326251631985997 2801.8062116895412146 6133
579000000 305.46703299486381411 5152.7413435225125795 442.98453689370819575 -4221.9973419358539104 1866.4767344661891002 2798.5051443633728923 6128
580000000 315.36218975207390258 5319.6568460683138255 455.9594745985617692 -4180.3337761236844017 1866.8055600039197088 2769.4876907183270305 6132
581000000 307.95233601255677058 5194.6644390686797124 439.7276404658061324 -4167.6688448786908339 1836.4934165567312903 2770.9030687877652781 6135
582000000 307.77222528728862017 5191.6262585769845828 608.36194620310595838 -4094.1627271596757964 1912.5398566498538457 2789.9848167129280228 6129
583000000 312.47835205166154537 5271.0111064569518931 647.89133105939572488 -4067.3343283321892159 1846.2377948877660856 2868.9878645038188552 6127
584000000 307.49685214951688295 5186.9811532182147857 634.79708607422071509 -4126.5902161724670805 1932.4746271231297214 2828.9126751235585289 6126
585000000 307.03337721555561757 5179.1630707544718462 525.5580729274222449 -4098.7066091097231038 1842.3169856043123218 2781.9476964328327995 6139
586000000 307.57143993556638861 5188.2393301322044863 651.39190477230386023 -4146.5031318036599259 1957.3742675708795105 2840.5207690050842757 6131
587000000 311.60004122964875251 5256.1954046095952435 533.91706799245901038 -4134.5565941615950578 1916.6115193146958973 2751.8621428393580572 6130
588000000 308.02348171059827564 5195.8645534512961603 598.57176465934321641 -4086.2045115918322153 1918.5358711103235692 2766.24040514085209 6127
589000000 308.70913590094937717 5207.4304453884496979 458.44368416083426609 -4252.5331936037991909 1922.8699865088785828 2788.1068912557548174 6143
590000000 317.63434325601355113 5357.9844494885373933 627.70798243753415591 -4155.8029497005936719 1967.6806067641844038 2815.8303253739441061 6137
591000000 309.05196391449914017 5213.2134068485338503 552.64925321424789217 -4132.7094175764823376 1890.931850113870496 2794.4268206768601885 6134
592000000 306.66027272933956738 5172.8693935195497033 590.37381426040826682 -4096.5589758916912615 1852.4038437154461008 2834.5289464366537686 6131
593000000 319.08834278440957632 5382.5111010554001041 500.46246458274379165 -4177.9804543341906538 1882.0790332435981327 2796.3638856733368812 6129
594000000 313.58788445276195489 5289.7271473307437191 589.44441433425356536 -4174.1769673728176713 1910.7250561718988138 2852.8963255351727639 6126
595000000 318.24848898768226491 5368.3441078500027288 629.15826962837093106 -4128.181502011619159 1903.1428356857354629 2854.1969359542545135 6127
596000000 306.29123842884519036 5166.6443738220314117 655.28163904810310214 -4097.6011272806154011 1865.5187776949865111 2887.3639886337314238 6135
597000000 312.45249103506455413 5270.5748723792557939 546.20603515843765763 -4121.6969055243262119 1874.448654264578181 2793.4542864181858022 6122
598000000 316.06928617108980006 5331.5844341828105826 587.99209716880875476 -4097.6313998999003161 1885.0855724500702308 2800.5379246186394084 6139
599000000 313.49137624904346922 5288.099207954065605 536.31651363240598585 -4171.1163344762499037 1890.3568206135555556 2817.0760274951003339 6138
600000000 306.88283916424165909 5176.6237340765537738 711.86552381476383289 -4086.0060888604721185 1976.5439614188196629 2821.3276512564161749 6134
601000000 315.71202570103349672 5325.5580202146084048 621.12734476287937468 -4070.3366254297611704 1914.6858614715877138 2776.7781087210528312 6125
602000000 311.25540919056362554 5250.3820121178223417 586.67218929083992407 -4090.3678962079311532 1863.100680590889624 2813.9394049078809985 6141
603000000 313.74672675364354291 5292.4065634458911518 570.98266085075090359 -4107.3346178737037917 1933.2723456488320153 2745.0449330756223389 6138
604000000 308.20738116603337176 5198.9666437743708229 572.04943653155078209 -4112.9790406349702607 1895.6692439851822201 2789.359233181338368 6128
605000000 308.84693735739284648 5209.7549360375787728 573.98714683950845483 -4093.4685831601509562 1882.6306680168281673 2784.8250619828313575 6131
606000000 310.79043820259698805 5242.5386936106024223 652.65767045041047822 -4015.9339482142481756 1869.5572188090889085 2799.0343998555699727 6133
607000000 308.93790506691999553 5211.2894161194735716 535.1395826291307003 -4178.448287565870487 1896.0044021051924119 2817.5834680898096849 6145
608000000 315.06258334282784972 5314.6029640943061167 578.2135460773909017 -4097.6764068064258026 1911.4232015318409594 2764.4667513519761997 6135
609000000 311.71393686619853725 5258.1166422290625633 613.57089195467347054 -4063.8703366111885771 1906.310105378686103 2771.1311231871759446 6137
610000000 309.7435283217330948 5224.8789947122259036 536.43335064899440567 -4056.0244328574958672 1827.181521395620166 2765.2762621108704479 6125
611000000 310.68176807681578566 5240.7056020182662905 760.39841006734957318 -4103.6731209739127735 1973.3240197157006151 2890.7475113255613905 6130
612000000 313.89484417438200126 5294.9050679491510891 639.05385565850258445 -4109.1598013249222276 1914.4785558831822527 2833.7351011002429004 6131
613000000 315.07873724546567473 5314.8754546513555397 520.86638924530723216 -4203.1908763613846531 1917.9061671388053583 2806.1510984678870955 6120
614000000 308.77798503656481444 5208.5918204280842474 582.57161578417890269 -4147.8231448441893008 1949.9538074404192685 2780.4409531879487076 6115
615000000 314.86314311262879073 5311.2387257029058674 712.8557499134506088 -4033.0662444889003382 1929.6350722450742978 2816.2869221572773313 6129
616000000 310.12212380483259722 5231.2652963013424596 446.14453339286029632 -4182.6267235131690541 1848.3073118053869166 2780.4639451006428317 6128
617000000 308.21002249266945228 5199.0111987393565869 548.90149898129800476 -4176.562573899711424 1939.0077521471325781 2786.4563207338769644 6133
618000000 312.24996246371841835 5267.1585386014721735 689.0873492944639338 -4120.0883896432114852 1951.2155931869936012 2857.9601457506819315 6136
619000000 309.96252891031559784 5228.5731851326499964 518.19377991095370817 -4200.378069828907428 1912.133919458755372 2806.4379302811053094 6131
620000000 312.51482180495219154 5271.6262929918993905 538.14317918303345323 -4159.6614119909054352 1936.4697883551248196 2761.3348028188147509 6133
621000000 309.52981513241837774 5221.2739942791467911 530.38399492875157648 -4213.4256499258972326 1939.7618241261325238 2804.047820728516399 6137
622000000 309.97485866728851533 5228.7811684553898885 545.1293722263512791 -4137.0029040711069683 1893.7210294555652581 2788.4112468418934441 6140
623000000 318.45669239791521932 5371.8561671031784499 588.69187462291813517 -4158.986209452436924 1842.1703723650166467 2905.5077117103387536 6132
624000000 313.84750486708981043 5294.1065293852125251 636.80870187240702762 -4153.0611591492752268 1938.7219112741515801 2851.1479497475302196 6131
625000000 309.95407535690600298 5228.4305871778842629 603.14796290114099975 -4108.4936849967507442 1905.7908631994116604 2805.8507846984794014 6138
626000000 311.22569884353055158 5249.8808459789206609 654.61347140429325009 -4089.306646995056326 1931.5742414903318149 2812.3458769090175338 6137
627000000 312.26147244064350161 5267.352693543114583 662.20508387977281473 -4056.4426482152639437 1898.8786865354131805 2819.7690455596234642 6130
628000000 310.03419009849784516 5229.781995011255276 598.19961154458212604 -4114.7943569596791349 1863.7073752406975018 2849.2865932635641002 6137
629000000 318.18691143173862201 5367.3053927545206534 578.45496150301835314 -4118.2266219810198891 1816.9409329200266257 2879.7406505640119576 6135
630000000 310.8600689655842757 5243.7132534565798778 672.55623346652714645 -4004.4322743024681586 1905.8921027796764065 2771.0964049893191259 6135
631000000 315.45238897862969907 5321.1783630689251368 558.60840892099747634 -4112.0959325986732438 1887.0909353875417764 2783.6134061321290574 6125
632000000 314.12688568327655503 5298.8192378828807705 661.09194742245995258 -4074.5693267621272753 1894.7575312728486097 2840.9037429117388456 6132
633000000 313.40594605748367485 5286.6581369628056564 516.18501218789424456 -4088.0581687915164366 1814.9606550550047359 2789.2825259244064 6126
634000000 312.19324582382199651 5266.2018194020392912 598.06989481965024424 -4120.8704567335707907 1929.6706778508062143 2789.2696737024152753 6134
635000000 309.96487859533965548 5228.6128205690793038 544.17247260771728179 -4142.2877935079050076 1866.989245389519283 2819.4710207261041433 6131
636000000 305.95626446189106673 5160.9938975935301642 627.02661522473772493 -4130.1086305015433027 1872.3910999195907152 2884.7441458066909945 6134
637000000 312.63686511944939639 5273.6849689352402493 552.10597449621138821 -4176.3785535133511075 1891.0372406885867349 2837.4472873209751924 6125
638000000 310.26212033793314049 5233.6268143904944736 615.53895934601598583 -4055.9909060183795191 1838.5248275649137213 2833.0050377994812152 6124
639000000 313.59283300766344382 5289.810621554399404 580.30179055362782492 -4101.9062271601296743 1815.3413343918123246 2866.8666833219449472 6126
640000000 311.22707308770117152 5249.9040272848860695 610.89081124324468419 -4040.5435927247913241 1883.2739049316246565 2768.1604990364112382 6138
641000000 307.3224801940150428 5184.0397766138194129 624.86403900437426273 -4119.7131850809291791 1911.6361967648876998 2832.941027320415742 6132
642000000 308.83455091548779592 5209.5459965304980869 658.33628820807211923 -4075.7373522775296806 1869.7246585907339522 2864.3489818948673928 6132
643000000 309.79433907129424597 5225.7360909670733236 609.53841904247155981 -4078.3406131299307162 1891.1732576088670612 2796.7057745635347601 6131
644000000 302.34850302347081197 5100.136719851449925 713.11508589729021423 -4027.2741499777634999 1895.9161188638884141 2844.4731170111654137 6135
645000000 315.88043624551966104 5328.3988373291467724 633.04981534518435637 -4185.5592678184366378 1957.6900912104829331 2860.9189919531381747 6142
646000000 309.86408281766051687 5226.9125566623406485 605.03857727764716401 -4090.9044879510815917 1897.8722194821295943 2798.0708457465989341 6137
647000000 310.41351102790292771 5236.1805337217874694 646.56112892277610626 -4104.011038652040952 1918.5223032211206373 2832.0498643536957388 6134
648000000 314.14149503190640189 5299.0656742788123665 635.28569459341224501 -4083.0905041788223571 1865.9921374306936741 2852.3840613415413827 6133
649000000 313.0814020199342167 5281.1835969979547372 709.43618943284729994 -4048.0359414463146095 1894.0091881374828517 2863.4629427416793988 6131
650000000 305.85184625667773162 5159.2325291154202205 688.01418157754437743 -4102.4862836257379968 1956.639900155370924 2833.860565047910768 6134
651000000 305.45891848707333338 5152.6044647262497165 612.26029961959955017 -4135.5236985609863041 1916.6784467017873794 2831.105551478797679 6145
652000000 307.31098497292566663 5183.8458705795756032 755.40353640373473354 -4006.9438954912320696 1908.0536536648239689 2854.293778230143289 6131
653000000 310.48796532124259784 5237.4364588268072112 499.24593397081378043 -4194.1615969433823921 1853.711073589201078 2839.6964573249952082 6131
654000000 308.46206622696132627 5203.2627742934473645 588.49153102061632126 -4094.6217625338786092 1882.9752617823078253 2800.1380317721877873 6137
655000000 311.36077080554701979 5252.1592944131407421 650.55438256250135964 -4059.9364730372212762 1833.3755274151549202 2877.1153281845677157 6143
656000000 312.54649974235536547 5272.1606492402133881 591.83317910209439106 -4064.0647891541416357 1866.7912754365372621 2789.1066928196987647 6140
657000000 311.1076063129816589 5247.8888134556245859 585.85187608938258563 -4048.5488419700195664 1856.1494334910626094 2778.2512845683395426 6140
658000000 312.36374827461401082 5269.0779236374273751 577.4297019510146356 -4160.5090172529926349 1948.0269598283189225 2789.9117593756882343 6133
659000000 308.40117238330191185 5202.2355923330451333 548.07210670163067334 -4123.9680872437729704 1840.592323785952658 2831.4478701594507584 6142
660000000 314.39058628966438391 5303.2674462657132608 677.24491555591089309 -4054.5787248209453537 1918.5367317787085994 2813.2869085981478747 6136
661000000 309.83489761826001541 5226.4202489259032518 509.0907181506694883 -4165.8309576644414847 1894.0490212406518822 2780.872654574459375 6144
662000000 311.49906740412495765 5254.492137319867652 468.06926057066732483 -4156.5342169104824279 1823.3360732223102332 2801.2674042588391785 6141
663000000 315.34300330799510448 5319.3332013768695106 594.77196276412917086 -4148.2931790339553118 1867.0692816972307355 2875.9958601008529513 6148
664000000 302.31488456347420879 5099.5696300839172181 579.03239621611430721 -4147.915145956170818 1877.4945065106539914 2849.4530356616314748 6150
665000000 309.64736317144223676 5223.2568420993839027 582.36566724560952935 -4098.7148233645366417 1861.1473913088725567 2819.9330993012736144 6134
666000000 308.87547103576213203 5210.2362536539994835 621.95934259850969283 -4089.9073964535400592 1918.7293570304393597 2793.1373820216103923 6136
667000000 312.69954161137462734 5274.7422213269101121 553.43128072010290452 -4138.5220368896680156 1855.9633188659663574 2835.9899987438047901 6144
668000000 313.63426270036978849 5290.5094743515883238 654.16083222288227716 -4062.8521705904850023 1925.3254953441876296 2791.6875074691797636 6143
669000000 316.66361968818137029 5341.6098921032080398 574.26861424617300145 -4091.3459552007457205 1878.406435151135156 2787.2081342957835659 6131
670000000 309.92310538881054072 5227.9081732419235777 703.20071556146217517 -4024.5116552197000601 1903.2417122855131311 2824.4706584956488769 6142
671000000 311.71287954534864184 5258.0988069137320053 576.59115919409032358 -4160.9076028462577597 1921.4279793578407407 2816.0707826825068878 6134
672000000 306.33595844262413266 5167.3987290846025644 591.51219600821150379 -4141.696398078477614 1916.344162656692788 2816.8644314299963298 6140
673000000 308.27996184130125812 5200.1909639326768229 671.21627799134182624 -4091.8331105206352731 1983.9256321752889107 2779.1237563366885297 6133
674000000 315.16152797102489558 5316.2720020635815672 588.60203535254242979 -4025.6756324264629257 1838.4063843472922599 2775.8712834317129818 6122
675000000 307.11235839378923629 5180.4953571830747023 779.19142835724846918 -4050.575703571905251 1913.6213403228261996 2916.1457916063282028 6133
676000000 308.16130502932247737 5198.1894128822104904 668.60764695266891522 -3997.2350625147764731 1865.7445795785097289 2800.0981298889355458 6132
677000000 308.42054677702265053 5202.5624074349943839 609.27819990530952055 -4124.8102948970436046 1921.5487019139968652 2812.5397928883567147 6132
678000000 308.44073404699838648 5202.9029344620748816 622.9134205550515162 -4184.3369900816687732 1910.9216244708557042 2896.3287861658645852 6139
679000000 309.0620069626046984 5213.3828170421020332 617.50137638017872632 -4191.3594775958263199 1929.3074766086833733 2879.553377367322355 6136
680000000 314.35806172247390577 5302.7188087240465393 489.68053562681467383 -4207.0825506574292376 1853.7504135381304877 2843.0126727461138216 6137
681000000 300.1969361149124893 5063.8432198479004001 573.88156345354809673 -4130.6219558012253401 1859.7135311354591067 2844.7899881193143301 6134
682000000 313.56133136115749949 5289.2792390521735797 605.54590655384333786 -4135.3707911133078596 1843.3973917709556645 2897.5193058961949646 6138
683000000 308.56393381988345936 5204.9811180127962871 717.85434242591259135 -4055.3465395611247004 1917.1332295985785095 2856.0676523884590097 6136
684000000 313.30166291954003555 5284.8990468539768699 650.95956066714029475 -4138.5407064235223515 1907.6703223911640634 2881.8299446994979007 6136
685000000 314.77450793293735387 5309.7435916767926756 605.69559930987816188 -4093.364126548844979 1878.0316111755810198 2821.0281146831421211 6134
686000000 314.28330501025135391 5301.4577822951114285 697.49979266806769829 -4049.602316810602133 1931.3830555529664252 2815.7190539257039745 6128
687000000 308.08039998515937441 5196.82467390572765 580.41261941990956075 -4159.118935644528392 1905.888635165099231 2833.6429198993387217 6134
688000000 315.78312437422874837 5326.7573413631162111 699.45691722064464102 -4088.0712359906351594 1887.3062325150863217 2900.2219206961931377 6133
689000000 310.25798737349822431 5233.5570978763871608 629.70431108696629963 -4114.1073038836275373 1895.1477037366130389 2848.663911233980798 6135
690000000 320.51882209311713723 5406.641004052673452 625.07766314779178174 -4036.5453622866116348 1886.1176401991860985 2775.5053852352170907 6142
691000000 314.01775985569486238 5296.9784593284384755 632.24922924059842444 -4090.1740767746109668 1919.8729105894976783 2802.5503954257119403 6146
692000000 311.06394811147987411 5247.1523692715945799 624.72229769856312487 -4082.5954534840288943 1909.0229886707782043 2798.2947625118140422 6143
693000000 318.50452289782583648 5372.6629913026818031 515.72275374125217695 -4142.7110442132234311 1888.3038091462726698 2770.1299888082021425 6144
694000000 310.58099696808409362 5239.0057542373015167 437.04936434157502845 -4209.6193287823352875 1870.7621087598988652 2775.9065843640109961 6144
695000000 314.20954249285671267 5300.2135263462605508 587.35202948223013664 -4092.44086043885045 1857.9551543086379297 2821.8377356124428843 6127
696000000 313.69775639964893799 5291.5805117271147537 648.2945710575246494 -4077.7345737280979847 1914.2779701247509365 2811.7511746608711292 6134
697000000 310.16166277289369191 5231.9322555912240205 576.20720874586777427 -4164.9603934304850554 1872.7828540084210545 2868.3847481679313205 6143
698000000 305.30481885071139914 5150.0050497926022217 440.01160481008321312 -4185.525317961154542 1875.6411494714736818 2749.895773299764187 6134
699000000 312.69716886622830998 5274.7021969030192849 637.53752340596827253 -4099.3054530700737814 1910.6967707522017008 2826.1462057238409216 6132
700000000 311.64287462896464831 5256.9179356970735171 601.5025406268456436 -4164.2495473514209152 1972.7366143003494017 2793.0154736779177256 6132
701000000 310.82627011411830154 5243.1431207728501249 502.54724414780025654 -4171.7296983736159746 1909.0718063133172109 2765.2051362080992476 6139
702000000 314.43071829428623687 5303.9444091359318918 593.23575498747743495 -4135.3763374748759816 1940.4195322509626749 2788.1925602113910827 6137
703000000 309.70109627767698157 5224.1632338474464632 559.83179280126387312 -4095.6414390605555127 1862.2262503888632637 2793.2469814729561222 6140
704000000 311.68624281507430851 5257.649487784282428 660.86470204232409742 -4068.8383229324463173 1885.1164518503958334 2844.5865731243748087 6135
705000000 308.58565830197886726 5205.3475753550574154 656.56843672720674476 -4082.2536295034187788 1961.6892081506712202 2777.1328580799540759 6138
706000000 316.93064036229435487 5346.114104729977953 570.22627422922982987 -4148.9922072476620087 1896.4898031704758523 2822.7286783064155316 6139
707000000 307.95835103539081956 5194.7659029043525152 549.07826638226504201 -4159.4313041847271961 1921.298089992404357 2787.2114805745882222 6137
708000000 308.07991657165507604 5196.816519491402687 579.03140341682058079 -4069.9656574336786434 1843.8665033105723978 2805.1305575399269401 6146
709000000 311.27286116718488529 5250.6763991113411976 550.8359554917353762 -4160.3559584488575638 1898.846932671174045 2812.344981269418895 6138
710000000 311.36584455493255064 5252.2448804679406749 624.38239131814202665 -4091.8528757567128196 1887.7904441105711157 2828.4448229642839578 6142
711000000 307.03853083236788279 5179.2500040452987378 593.42774407353215338 -4110.3104534587992021 1901.8641389538070143 2801.8740585785244548 6136
712000000 312.18753422439482392 5266.1054738349994295 532.96409106286000679 -4149.1034061449681758 1906.0936390440535888 2775.9738581637748212 6144
713000000 318.64448477258144976 5375.0239247608669757 427.24078932787779195 -4137.0234687604233841 1865.3889438692285694 2698.8753142190726066 6152
714000000 312.43255351423852062 5270.238558221749372 543.60818537044917775 -4058.4538995640414214 1906.5943941747721055 2695.4676907597181525 6143
715000000 308.864187282266073 5210.0459147405681506 618.93949914191102835 -4071.827973446881515 1922.0840136343408631 2768.6834589544514529 6146
716000000 312.11757689724373677 5264.9254053727509017 597.63915249577985378 -4097.5357575817079123 1915.1090138508429845 2780.0658962266443268 6135
717000000 306.39500335865346869 5168.3947225866386361 609.89974038392028888 -4116.4434339853014535 1937.2206569638706242 2789.122517405351573 6136
718000000 309.72437778550414578 5224.5559557289025179 599.52019042690892547 -4157.1838631755445022 1958.5158273277027092 2798.1882262747503773 6130
719000000 310.99682132753167707 5246.0200475558385733 582.41054350372030513 -4150.8013284834896695 1900.7619128760752574 2832.4499591111343761 6137
720000000 312.55115996695872127 5272.2392597918933461 633.17130074192834854 -4089.5631848914163129 1933.3881551928448062 2789.346330440499969 6143
721000000 308.68081376302546914 5206.9526961217388816 639.11068971314512055 -4133.8565066524970462 1939.3945127839119777 2833.5726835817304163 6144
722000000 316.65556064231634537 5341.4739488611148772 648.76192612607110277 -4064.3988018748268587 1923.1201142795719079 2790.0406137213262809 6153
723000000 315.19778209832054472 5316.8835513321164399 651.13347231262457626 -4056.5152657392200126 1918.9328046943960544 2788.7159333574481934 6151
724000000 316.25338136567387437 5334.6898263129423867 546.06953651376466041 -4122.9704605082279159 1930.7792547270903469 2738.2607422949022293 6154
725000000 308.12359818990364602 5197.5533586785795706 558.58933005714698083 -4125.4063586985557777 1930.5827685822748663 2753.4129201734276648 6147
726000000 317.72263630357917918 5359.4738122917060537 550.33321560347769719 -4139.1684203896666077 1891.4304270135746719 2798.0712089795697466 6140
727000000 302.04643792985507389 5095.0413637960064079 634.55144604526435614 -4054.0071391076558029 1925.8984305543820028 2762.6601545985381563 6142
728000000 314.46758226860595187 5304.5662455504916579 570.89499790030311033 -4107.7877706458475586 1952.6778445866771108 2726.0049239594741266 6147
729000000 310.08087769197072703 5230.5695402031496997 378.51519107049853119 -4257.217213794352574 1878.8788427726190093 2756.8535620922320959 6150
730000000 306.35516489089326342 5167.7227112148129891 500.14296705090441719 -4193.6279813840355928 1887.9794451023697093 2805.791503332569846 6145
731000000 311.11093440049052106 5247.9449529805142447 526.74212023834240881 -4145.6418170060733246 1858.7634401775719653 2813.6204970668441092 6141
732000000 309.25340688730676675 5216.6114283115093713 599.76183265753104479 -4100.7477105335074157 1903.4196191387759427 2797.0899240522630862 6147
733000000 310.35718784990132235 5235.2304515965834071 506.76517852723316082 -4236.2804573639914452 1924.262703038815971 2818.7829328524085213 6150
734000000 316.7896272300235978 5343.7354382352423272 622.2490001108924389 -4126.7777650155676383 1936.6164894075668599 2812.4102757188934447 6146
735000000 313.083322170503493 5281.2159868736380304 588.44499038500430288 -4163.0763581773717306 1938.4361437072477656 2813.0852048551291773 6146
736000000 308.23340672443237054 5199.4056534096689575 511.0784216718064954 -4127.5147208979187781 1889.0668285095232477 2749.5263140602019121 6138
737000000 309.03362566259738742 5212.904069805463223 572.58501662241792474 -4156.216935610433211 1908.1630292637141793 2820.6389229691367291 6139
738000000 309.07018973508536419 5213.5208473547427275 476.57116745836776772 -4181.2643416111677652 1805.5305191962547724 2852.3049898732806469 6141
739000000 313.95521418142396897 5295.9234136218219646 594.76158291224305685 -4110.7796397323727433 1887.4270038361919433 2818.1142188084240843 6140
740000000 308.13027045524239611 5197.6659091463961886 610.11673375687746557 -4131.1215981536188337 1906.3063194098631357 2834.932012500633391 6146
741000000 314.41732070286758471 5303.7184131502781383 650.70907338917561447 -4070.2706419281084891 1958.6034109761544642 2762.376304341129071 6149
742000000 301.63434380152420999 5088.0899935232318967 552.88739405684918893 -4129.0131416052709028 1940.8175927476124798 2741.0829429145073846 6154
743000000 318.00962509917025045 5364.3148552601460324 648.67236818407150167 -4089.5491282132416018 1951.038210365068835 2787.1832860322438137 6143
744000000 317.31166413417611238 5352.5413676754787957 505.22133132049566484 -4164.1233131243661774 1941.8372789269942587 2727.5073655178680383 6145
745000000 312.60793066027116538 5273.1968907861892149 486.4617062376148624 -4227.4590400581655558 1899.7149992921163175 2814.2057470036634186 6149
746000000 310.40840682695073838 5236.094433997656779 515.01050553051447878 -4157.8297697626276204 1895.9178372766523353 2776.9224380164891954 6142
747000000 313.41651742449414542 5286.8364590531418798 431.53069078143755632 -4121.7832648482235527 1806.8089285740256855 2746.5050270556353098 6147
748000000 313.39872846395894612 5286.536387678796018 593.27352793655688856 -4111.9549032839186111 1938.1641383373976169 2767.0642928830779965 6137
749000000 305.75148605355411746 5157.5396126562873178 551.86043266370711535 -4178.2557600042764534 1949.1379647313747228 2780.9782279366081639 6145
750000000 311.39042335571343756 5252.6594856111414629 530.70521433012811485 -4126.513740137399509 1928.6636863168180298 2728.5552681507097077 6141
751000000 311.52955752041913229 5255.0064569217493045 503.8791347236110596 -4265.4565718331805328 1976.3968158932539154 2792.938890663537677 6141
752000000 318.37276377752738199 5370.4404252211907078 481.61079642447890592 -4194.7698192412008211 1933.9107895606282455 2742.4698261050511974 6143
753000000 313.10962599113423721 5281.6596903486997689 450.40082644396721889 -4224.0280927422600143 1889.1659087786010787 2785.2630104076260977 6139
754000000 314.25811053019600649 5301.032791625129903 666.24219477293149794 -4064.6738659161919713 1957.8366282703334491 2773.0794324187900202 6139
755000000 311.19389827557000672 5249.3444211488131259 514.97176455161695685 -4170.2812398606010902 1859.8933858195694029 2825.3596185926485305 6136
756000000 313.21178497846551636 5283.3829494266874462 438.41360494288414884 -4181.3195298598684531 1843.889503052388136 2775.8436317503646933 6147
757000000 313.60546714695357196 5290.0237393210591108 432.39327679918699232 -4151.7209021299149754 1864.8085127637750702 2719.3056661653276933 6139
758000000 312.42921885639162838 5270.1823078657434962 511.58163514219359058 -4162.0632858439330448 1871.8561871027329744 2801.7887338833934336 6140
759000000 311.51365418320045819 5254.7381930034362085 551.08710110573156271 -4160.6026994796729923 1875.2231706805641807 2836.4666299048399196 6142
760000000 311.9837126928134694 5262.6673298815176167 501.02560242636241128 -4149.1533511850566356 1853.4397370849326308 2796.7392165264864161 6137
761000000 312.45681550358784762 5270.6478192617078093 561.36754449020065749 -4120.9593523982257466 1878.520248001684422 2803.8066488867425505 6125
762000000 312.80939794195518289 5276.5953223011138107 637.2722821145969192 -4090.2976613116970839 1938.1818635535082649 2789.3880798727850561 6136
763000000 309.5659349516988641 5221.8832779858121285 726.72238838145938189 -4135.1631291198900726 1956.489203575669535 2905.3963139256793511 6145
764000000 319.75658326500285966 5393.7832514999499836 646.2579495849063278 -4112.7029553363699961 1938.1009341324142952 2820.8599707888624835 6148
765000000 314.60213116376223752 5306.8358706815570258 592.77346614012049031 -4114.9347041579585493 1894.4553574988510718 2813.2528127992281952 6142
766000000 312.19211768180554145 5266.1827894466541693 626.89081562387639224 -4110.8443851152924253 1913.2051193577615322 2824.5300813814078538 6145
767000000 312.77621376874145653 5276.0355582585179945 515.86068141631676554 -4142.8115620703865716 1828.3041908906725439 2830.3680525960303385 6138
768000000 314.22071808692641071 5300.4020407827829331 437.58250821518549856 -4162.7972484348338185 1923.3375618392237811 2677.0421948107946264 6146
769000000 314.63882213292868073 5307.4547887752851238 643.312136495607092 -4102.4176186790618885 1936.2634956781894289 2809.4662594964793243 6144
770000000 307.13382933086921867 5180.8575376255648735 668.26640474031592021 -4103.7968387481469108 1891.900284021520747 2880.1629594669411745 6145
771000000 304.88829305097277711 5142.9789242958022442 556.12614905084842576 -4144.5776973571673807 1880.1166082540669322 2820.587238153949329 6146
772000000 311.78993715314061319 5259.3986457788614644 680.7069126621555597 -4074.1020344814651253 1928.7835230513680926 2826.0254240922522513 6152
773000000 310.42436112867136444 5236.3635576057813523 551.56439459664056812 -4183.2010347931172873 1938.4329656935587991 2796.3324636961997385 6145
774000000 312.90850985827177055 5278.2671821539870507 508.95756566357425754 -4095.2519870930109391 1820.0984459826024704 2784.1111067739825558 6139
775000000 306.54253431899314819 5170.883334438919519 509.35365645708270677 -4204.1689421022019815 1894.7240449240184716 2818.7985536352662166 6128
776000000 310.56202856886193331 5238.685787614605033 562.64209396299747823 -4160.5700609408559103 1967.8554708460660549 2755.3566840577877883 6139
777000000 310.68673436017786571 5240.7893752927593596 494.11880668592414168 -4240.7934354684939535 1952.9953368893675361 2781.9169052650509002 6142
778000000 313.14899032532849787 5282.3237038439510798 529.24679806738754451 -4106.6721584442293533 1908.497315719275548 2727.4216407923413499 6141
779000000 315.39500433131473756 5320.21037565043207 566.99605890710313361 -4157.0301074135677482 1933.7539319213642557 2790.2722343993063987 6146
780000000 311.97550848826153924 5262.5289380440381137 407.75595169324014932 -4170.0728830702573759 1893.1699274751963458 2684.6589072883007248 6147
781000000 312.60961579770679464 5273.2253163653722368 472.5200635882960114 -4109.3104588315045476 1840.1954018177123089 2741.6351206020881364 6151
782000000 309.31167547301186005 5217.5943263599419879 426.03146375487881414 -4160.1840019311930519 1890.6583005016650532 2695.5571651844065855 6141
783000000 307.5559809863750047 5187.9785623307006972 479.59182519462308392 -4142.6011759661942051 1894.6950262114924044 2727.4979749493254531 6138
784000000 316.7520024533752121 5343.1007682995823416 580.60441213893261647 -4101.8645729744321216 1945.5709570568085383 2736.8980280565565408 6139
785000000 312.16774958254461581 5265.7717385018313507 582.4222157937783777 -4116.6097435860110636 1936.0150801917689023 2763.016879188020539 6144
786000000 311.21771434781766175 5249.7461602789171593 517.5221952056963346 -4157.8513208717595262 1894.6510632153895131 2780.7224528620663477 6151
787000000 308.97357451807710049 5211.8911028346519743 609.85150253166500534 -4068.3830940137936523 1952.2329270753207311 2726.0016694701371307 6154
788000000 302.73731289222428131 5106.6953218251346698 573.72668014142789161 -4072.2236541394167944 1892.3630921643816691 2753.587242116462221 6151
789000000 305.78921396057052107 5158.1760222366665403 549.32520599644021786 -4126.1307144301626977 1818.6428748039252241 2856.8130456226781462 6148
790000000 308.19443804600928161 5198.7483139958394531 551.81340643735632057 -4131.2999406574917884 1889.2097182390234593 2793.903628855824536 6148
791000000 311.90245769626392303 5261.2966877667731751 612.32618176425887668 -4187.4111676540824192 1928.8311816574932891 2870.9061677608478931 6153
792000000 309.59475636026644452 5222.3694491514816036 597.82717082554290755 -4114.358729594745455 1878.5196549280385625 2833.6662454922498 6145
793000000 309.72763912797194052 5224.6109693714697642 674.42544672066105704 -4087.2638325419575267 1901.1909333813250669 2860.4983458812939716 6137
794000000 308.64567412815478065 5206.3599465617644455 511.46202767032372094 -4182.1489153638440257 1878.5957062056841096 2815.0152368284834665 6150
795000000 311.12160623588596309 5248.1249698121646361 540.51624858803518237 -4117.4712008654541933 1934.8487259356370487 2723.1387235178517585 6156
796000000 309.43349579475136579 5219.6492407713403736 517.23462983233685009 -4126.0251239357021404 1877.4081390511360041 2765.8516147169020769 6153
797000000 316.92945883110979821 5346.0941741845317665 466.57837578511339416 -4161.8110005034823189 1882.9239112514171666 2745.4654650371785465 6162
798000000 311.7220716259208757 5258.2538626430950899 433.06822365011305465 -4209.4349085399680916 1898.9911495604533229 2743.5119826296272549 6151
799000000 309.28251849057892287 5217.1024945987155661 663.3287833225773511 -4105.5700709080820161 1960.2205887208262993 2808.6782655098322721 6152
800000000 314.74630850129892679 5309.2679122692879901 481.84826913826242389 -4210.5321564785008377 1876.9291683206656671 2815.4512572960984471 6154
