# Time(s)	 Surface uM	 Bulk uM
0.0000e+00 1.0000e-02 7.9844e-03
5.0000e-01 3.6498e+01 1.0562e+01
1.0000e+00 9.5635e+01 3.1625e+01
1.5000e+00 1.1892e+02 4.2979e+01
2.0000e+00 1.3123e+02 4.9755e+01
2.5000e+00 1.3981e+02 5.4309e+01
3.0000e+00 1.4660e+02 5.7641e+01
3.5000e+00 1.5215e+02 6.0189e+01
4.0000e+00 1.5669e+02 6.2175e+01
4.5000e+00 1.6038e+02 6.3731e+01
5.0000e+00 1.6335e+02 6.4952e+01
5.5000e+00 1.6575e+02 6.5909e+01
6.0000e+00 1.6769e+02 6.6659e+01
6.5000e+00 1.6926e+02 6.7249e+01
7.0000e+00 1.7055e+02 6.7714e+01
7.5000e+00 1.7160e+02 6.8082e+01
8.0000e+00 1.7247e+02 6.8375e+01
8.5000e+00 1.7319e+02 6.8610e+01
9.0000e+00 1.7380e+02 6.8801e+01
9.5000e+00 1.7432e+02 6.8957e+01
1.0000e+01 1.7477e+02 6.9086e+01
1.0500e+01 1.7515e+02 6.9194e+01
1.1000e+01 1.7549e+02 6.9286e+01
1.1500e+01 1.7579e+02 6.9365e+01
1.2000e+01 1.7605e+02 6.9435e+01
1.2500e+01 1.7628e+02 6.9496e+01
1.3000e+01 1.7650e+02 6.9551e+01
1.3500e+01 1.7669e+02 6.9601e+01
1.4000e+01 1.7686e+02 6.9647e+01
1.4500e+01 1.7702e+02 6.9690e+01
1.5000e+01 1.7717e+02 6.9730e+01
1.5500e+01 1.7730e+02 6.9767e+01
1.6000e+01 1.7742e+02 6.9803e+01
1.6500e+01 1.7754e+02 6.9837e+01
1.7000e+01 1.7765e+02 6.9869e+01
1.7500e+01 1.7774e+02 6.9900e+01
1.8000e+01 1.7784e+02 6.9930e+01
1.8500e+01 1.7792e+02 6.9959e+01
1.9000e+01 1.7800e+02 6.9986e+01
1.9500e+01 1.7808e+02 7.0013e+01
2.0000e+01 1.7814e+02 7.0040e+01
